f_spot,tempSpot,wavelength,D_lambda,epsilon_Rackham,epsilon_ourWork
0.000000000000000000e+00,nan,5.020000000000000000e+02,5.751916244515653489e+03,nan,nan
0.000000000000000000e+00,nan,5.580000000000000000e+02,5.806628365661925272e+03,nan,nan
0.000000000000000000e+00,nan,6.470000000000000000e+02,5.737826127208300932e+03,nan,nan
0.000000000000000000e+00,nan,7.085000000000000000e+02,5.650378407536682971e+03,nan,nan
0.000000000000000000e+00,nan,8.780000000000000000e+02,5.362487806732873651e+03,nan,nan
0.000000000000000000e+00,nan,9.907000000000000455e+02,5.196339781803560982e+03,nan,nan
0.000000000000000000e+00,nan,1.387000000000000000e+03,5.056500689622156642e+03,nan,nan
0.000000000000000000e+00,nan,1.726000000000000000e+03,4.966351819828740190e+03,nan,nan
0.000000000000000000e+00,nan,2.404000000000000000e+03,4.951834311062053530e+03,nan,nan
0.000000000000000000e+00,nan,3.816000000000000000e+03,4.902497517296211299e+03,nan,nan
0.000000000000000000e+00,nan,4.945000000000000000e+03,4.906837026995902306e+03,nan,nan
1.000000000000000194e-02,1.883000000000000000e+03,5.020000000000000000e+02,5.817372406206056439e+03,1.010092032746706892e+00,1.011379887833522284e+00
1.000000000000000194e-02,1.883000000000000000e+03,5.580000000000000000e+02,5.873258124803215651e+03,1.010082828490375340e+00,1.011474775884627419e+00
1.000000000000000194e-02,1.883000000000000000e+03,6.470000000000000000e+02,5.802780476169444228e+03,1.010057632542149308e+00,1.011320375961400231e+00
1.000000000000000194e-02,1.883000000000000000e+03,7.085000000000000000e+02,5.713231084093717072e+03,1.010031429676275128e+00,1.011123622529988220e+00
1.000000000000000194e-02,1.883000000000000000e+03,8.780000000000000000e+02,5.418718400592492799e+03,1.009919991835600772e+00,1.010485915471736718e+00
1.000000000000000194e-02,1.883000000000000000e+03,9.907000000000000455e+02,5.248706099763578095e+03,1.009816779097993278e+00,1.010077539221625242e+00
1.000000000000000194e-02,1.883000000000000000e+03,1.387000000000000000e+03,5.103753602045179832e+03,1.009340146020723639e+00,1.009344982889056830e+00
1.000000000000000194e-02,1.883000000000000000e+03,1.726000000000000000e+03,5.009794236648823244e+03,1.008891246882755999e+00,1.008747349844735908e+00
1.000000000000000194e-02,1.883000000000000000e+03,2.404000000000000000e+03,4.991179565742354498e+03,1.008097869476201724e+00,1.007945591917808414e+00
1.000000000000000194e-02,1.883000000000000000e+03,3.816000000000000000e+03,4.936077750697376359e+03,1.007027059151615500e+00,1.006849617625035442e+00
1.000000000000000194e-02,1.883000000000000000e+03,4.945000000000000000e+03,4.938092987535669636e+03,1.006528995594373255e+00,1.006369879490149444e+00
1.000000000000000194e-02,2.274750000000000000e+03,5.020000000000000000e+02,5.816627952395791908e+03,1.009977397333790883e+00,1.011250460738512880e+00
1.000000000000000194e-02,2.274750000000000000e+03,5.580000000000000000e+02,5.872105243444391817e+03,1.009908603267705818e+00,1.011276230138933974e+00
1.000000000000000194e-02,2.274750000000000000e+03,6.470000000000000000e+02,5.800915547470864112e+03,1.009769214296398543e+00,1.010995352397208169e+00
1.000000000000000194e-02,2.274750000000000000e+03,7.085000000000000000e+02,5.710869895878434363e+03,1.009654970473071289e+00,1.010705741098873345e+00
1.000000000000000194e-02,2.274750000000000000e+03,8.780000000000000000e+02,5.415146724026209995e+03,1.009290220452670805e+00,1.009819867045146591e+00
1.000000000000000194e-02,2.274750000000000000e+03,9.907000000000000455e+02,5.244492288023927358e+03,1.009027030252976465e+00,1.009266620013761662e+00
1.000000000000000194e-02,2.274750000000000000e+03,1.387000000000000000e+03,5.097605532177640271e+03,1.008124905986787612e+00,1.008129108464248080e+00
1.000000000000000194e-02,2.274750000000000000e+03,1.726000000000000000e+03,5.002872493418575687e+03,1.007474421747087012e+00,1.007353621917002062e+00
1.000000000000000194e-02,2.274750000000000000e+03,2.404000000000000000e+03,4.983560890957083757e+03,1.006529635894871433e+00,1.006407035838043917e+00
1.000000000000000194e-02,2.274750000000000000e+03,3.816000000000000000e+03,4.928637225854348799e+03,1.005469828146513978e+00,1.005331916735483500e+00
1.000000000000000194e-02,2.274750000000000000e+03,4.945000000000000000e+03,4.930904231961297228e+03,1.005027167887394768e+00,1.004904830715384279e+00
1.000000000000000194e-02,2.666500000000000000e+03,5.020000000000000000e+02,5.812318961636031418e+03,1.009313808151405700e+00,1.010501320699509709e+00
1.000000000000000194e-02,2.666500000000000000e+03,5.580000000000000000e+02,5.866647191458129782e+03,1.009083661334995830e+00,1.010336260910226658e+00
1.000000000000000194e-02,2.666500000000000000e+03,6.470000000000000000e+02,5.794042677360056587e+03,1.008706120496694947e+00,1.009797534624686799e+00
1.000000000000000194e-02,2.666500000000000000e+03,7.085000000000000000e+02,5.703286345639769024e+03,1.008445670313587783e+00,1.009363609706655396e+00
1.000000000000000194e-02,2.666500000000000000e+03,8.780000000000000000e+02,5.406490186139145408e+03,1.007763681361794061e+00,1.008205590575147692e+00
1.000000000000000194e-02,2.666500000000000000e+03,9.907000000000000455e+02,5.235562667542326380e+03,1.007353340285809917e+00,1.007548175713242511e+00
1.000000000000000194e-02,2.666500000000000000e+03,1.387000000000000000e+03,5.087898813021407477e+03,1.006206252986352023e+00,1.006209456959769044e+00
1.000000000000000194e-02,2.666500000000000000e+03,1.726000000000000000e+03,4.993337944853015870e+03,1.005522881843941896e+00,1.005433792450331598e+00
1.000000000000000194e-02,2.666500000000000000e+03,2.404000000000000000e+03,4.974447837765016629e+03,1.004653918877750796e+00,1.004566696961658456e+00
1.000000000000000194e-02,2.666500000000000000e+03,3.816000000000000000e+03,4.920622825276610456e+03,1.003792626452322256e+00,1.003697158013125312e+00
1.000000000000000194e-02,2.666500000000000000e+03,4.945000000000000000e+03,4.923391860825354343e+03,1.003457849256080170e+00,1.003373829972010967e+00
1.000000000000000194e-02,3.058250000000000000e+03,5.020000000000000000e+02,5.797213949271351339e+03,1.006986741217762660e+00,1.007875237195758666e+00
1.000000000000000194e-02,3.058250000000000000e+03,5.580000000000000000e+02,5.850196539514462529e+03,1.006596148145481706e+00,1.007503179316620701e+00
1.000000000000000194e-02,3.058250000000000000e+03,6.470000000000000000e+02,5.776866835381589226e+03,1.006048136832766060e+00,1.006804093973527880e+00
1.000000000000000194e-02,3.058250000000000000e+03,7.085000000000000000e+02,5.686177533652858983e+03,1.005716279409665903e+00,1.006335704183710211e+00
1.000000000000000194e-02,3.058250000000000000e+03,8.780000000000000000e+02,5.390620213139407497e+03,1.004964403622280233e+00,1.005246148321533139e+00
1.000000000000000194e-02,3.058250000000000000e+03,9.907000000000000455e+02,5.220714840471041498e+03,1.004570067170784897e+00,1.004690813089790025e+00
1.000000000000000194e-02,3.058250000000000000e+03,1.387000000000000000e+03,5.074804884529049559e+03,1.003618070214672198e+00,1.003619933236528539e+00
1.000000000000000194e-02,3.058250000000000000e+03,1.726000000000000000e+03,4.981624929959682959e+03,1.003125618758665683e+00,1.003075317795642851e+00
1.000000000000000194e-02,3.058250000000000000e+03,2.404000000000000000e+03,4.964253881287517288e+03,1.002555877772688175e+00,1.002508074674009153e+00
1.000000000000000194e-02,3.058250000000000000e+03,3.816000000000000000e+03,4.912239366907211661e+03,1.002038341699282409e+00,1.001987119743891874e+00
1.000000000000000194e-02,3.058250000000000000e+03,4.945000000000000000e+03,4.915680783389219869e+03,1.001847145315110765e+00,1.001802333426739411e+00
1.000000000000000194e-02,3.450000000000000000e+03,5.020000000000000000e+02,5.759179448649342703e+03,1.001121110179205909e+00,1.001262745113963515e+00
1.000000000000000194e-02,3.450000000000000000e+03,5.580000000000000000e+02,5.813325632517241502e+03,1.001014728029250067e+00,1.001153383070788827e+00
1.000000000000000194e-02,3.450000000000000000e+03,6.470000000000000000e+02,5.743517531052289087e+03,1.000882270921196415e+00,1.000991909430123616e+00
1.000000000000000194e-02,3.450000000000000000e+03,7.085000000000000000e+02,5.655447055143425132e+03,1.000809771809008542e+00,1.000897045691662157e+00
1.000000000000000194e-02,3.450000000000000000e+03,8.780000000000000000e+02,5.366241178317743106e+03,1.000662502097598328e+00,1.000699931024580991e+00
1.000000000000000194e-02,3.450000000000000000e+03,9.907000000000000455e+02,5.199502543615009017e+03,1.000593046604689507e+00,1.000608651848080344e+00
1.000000000000000194e-02,3.450000000000000000e+03,1.387000000000000000e+03,5.058740288106489061e+03,1.000442687472744341e+00,1.000442914699671393e+00
1.000000000000000194e-02,3.450000000000000000e+03,1.726000000000000000e+03,4.968173603856817863e+03,1.000372808863076779e+00,1.000366825407093430e+00
1.000000000000000194e-02,3.450000000000000000e+03,2.404000000000000000e+03,4.953279488254635908e+03,1.000297396811247852e+00,1.000291846839332699e+00
1.000000000000000194e-02,3.450000000000000000e+03,3.816000000000000000e+03,4.903611825539000165e+03,1.000233142393275543e+00,1.000227293994307542e+00
1.000000000000000194e-02,3.450000000000000000e+03,4.945000000000000000e+03,4.907843829254355114e+03,1.000210276751946292e+00,1.000205183553664723e+00
3.250000000000000805e-02,1.883000000000000000e+03,5.020000000000000000e+02,5.969390931398365865e+03,1.033561182674579859e+00,1.037809084422964379e+00
3.250000000000000805e-02,1.883000000000000000e+03,5.580000000000000000e+02,6.028031387457888741e+03,1.033529863280435057e+00,1.038129359733998447e+00
3.250000000000000805e-02,1.883000000000000000e+03,6.470000000000000000e+02,5.953630034467249970e+03,1.033444135622236359e+00,1.037610743594272522e+00
3.250000000000000805e-02,1.883000000000000000e+03,7.085000000000000000e+02,5.859136461181191407e+03,1.033354992537375061e+00,1.036945853638060688e+00
3.250000000000000805e-02,1.883000000000000000e+03,8.780000000000000000e+02,5.549170067429720802e+03,1.032975997115556099e+00,1.034812621944325661e+00
3.250000000000000805e-02,1.883000000000000000e+03,9.907000000000000455e+02,5.370122179163771762e+03,1.032625148284409766e+00,1.033443232093628428e+00
3.250000000000000805e-02,1.883000000000000000e+03,1.387000000000000000e+03,5.213114408056496359e+03,1.031007098938829136e+00,1.030972747369691911e+00
3.250000000000000805e-02,1.883000000000000000e+03,1.726000000000000000e+03,5.110188376956648426e+03,1.029486437560044987e+00,1.028962216602058666e+00
3.250000000000000805e-02,1.883000000000000000e+03,2.404000000000000000e+03,5.081885802057595356e+03,1.026806495679694953e+00,1.026263296149674487e+00
3.250000000000000805e-02,1.883000000000000000e+03,3.816000000000000000e+03,5.013279860505815122e+03,1.023204831114653768e+00,1.022597123775944583e+00
3.250000000000000805e-02,1.883000000000000000e+03,4.945000000000000000e+03,5.009838682998201875e+03,1.021535598798487321e+00,1.020991456499495742e+00
3.250000000000000805e-02,2.274750000000000000e+03,5.020000000000000000e+02,5.966853641811265334e+03,1.033171206526829478e+00,1.037367963676548710e+00
3.250000000000000805e-02,2.274750000000000000e+03,5.580000000000000000e+02,6.024101334909049001e+03,1.032937276021888451e+00,1.037452537953551746e+00
3.250000000000000805e-02,2.274750000000000000e+03,6.470000000000000000e+02,5.947277676307427100e+03,1.032463518365686728e+00,1.036503641702547274e+00
3.250000000000000805e-02,2.274750000000000000e+03,7.085000000000000000e+02,5.851101469461106717e+03,1.032075450984862863e+00,1.035523826449692653e+00
3.250000000000000805e-02,2.274750000000000000e+03,8.780000000000000000e+02,5.537045385339056338e+03,1.030837819284912360e+00,1.032551603825936359e+00
3.250000000000000805e-02,2.274750000000000000e+03,9.907000000000000455e+02,5.355841359732771707e+03,1.029946077657357906e+00,1.030694986206974084e+00
3.250000000000000805e-02,2.274750000000000000e+03,1.387000000000000000e+03,5.192358656136541867e+03,1.026897661644339932e+00,1.026867981407224351e+00
3.250000000000000805e-02,2.274750000000000000e+03,1.726000000000000000e+03,5.086885832674803169e+03,1.024707385878257382e+00,1.024270131722206489e+00
3.250000000000000805e-02,2.274750000000000000e+03,2.404000000000000000e+03,5.056335354500008179e+03,1.021537742292458972e+00,1.021103501626560162e+00
3.250000000000000805e-02,2.274750000000000000e+03,3.816000000000000000e+03,4.988435494682641547e+03,1.017998450445562364e+00,1.017529428027905691e+00
3.250000000000000805e-02,2.274750000000000000e+03,4.945000000000000000e+03,4.985884535260831399e+03,1.016525214445668457e+00,1.016109666538756784e+00
3.250000000000000805e-02,2.666500000000000000e+03,5.020000000000000000e+02,5.952197064985620273e+03,1.030917791851040821e+00,1.034819842980316595e+00
3.250000000000000805e-02,2.666500000000000000e+03,5.580000000000000000e+02,6.005543924763934228e+03,1.030137864179766494e+00,1.034256636825307440e+00
3.250000000000000805e-02,2.666500000000000000e+03,6.470000000000000000e+02,5.923948748539187363e+03,1.028860228015250344e+00,1.032437828753351106e+00
3.250000000000000805e-02,2.666500000000000000e+03,7.085000000000000000e+02,5.825398928158920171e+03,1.027980128128548332e+00,1.030975008751411792e+00
3.250000000000000805e-02,2.666500000000000000e+03,8.780000000000000000e+02,5.507812294914260747e+03,1.025680559712125017e+00,1.027100199276709702e+00
3.250000000000000805e-02,2.666500000000000000e+03,9.907000000000000455e+02,5.325753121620313323e+03,1.024300406535138874e+00,1.024904710863967949e+00
3.250000000000000805e-02,2.666500000000000000e+03,1.387000000000000000e+03,5.159822899155064079e+03,1.020455970797812695e+00,1.020433540085332824e+00
3.250000000000000805e-02,2.666500000000000000e+03,1.726000000000000000e+03,5.055028922074655384e+03,1.018175220077000454e+00,1.017855582017339389e+00
3.250000000000000805e-02,2.666500000000000000e+03,2.404000000000000000e+03,5.026007650120068320e+03,1.015285293513770171e+00,1.014978962218569425e+00
3.250000000000000805e-02,2.666500000000000000e+03,3.816000000000000000e+03,4.961866176932394410e+03,1.012432124378544795e+00,1.012109880612224400e+00
3.250000000000000805e-02,2.666500000000000000e+03,4.945000000000000000e+03,4.961021948680977403e+03,1.011326129188888423e+00,1.011042739220187281e+00
3.250000000000000805e-02,3.058250000000000000e+03,5.020000000000000000e+02,5.901213992244968722e+03,1.023069566411404230e+00,1.025956175539181059e+00
3.250000000000000805e-02,3.058250000000000000e+03,5.580000000000000000e+02,5.950091876924079770e+03,1.021760435347150553e+00,1.024706852622175868e+00
3.250000000000000805e-02,3.058250000000000000e+03,6.470000000000000000e+02,5.866203299994543158e+03,1.019927625975963092e+00,1.022373834609154208e+00
3.250000000000000805e-02,3.058250000000000000e+03,7.085000000000000000e+02,5.767988346426666794e+03,1.018819963463092781e+00,1.020814524339310081e+00
3.250000000000000805e-02,3.058250000000000000e+03,8.780000000000000000e+02,5.454775535910672261e+03,1.016316566319525716e+00,1.017209872078763011e+00
3.250000000000000805e-02,3.058250000000000000e+03,9.907000000000000455e+02,5.276242635554040135e+03,1.015007030362833351e+00,1.015376756929999402e+00
3.250000000000000805e-02,3.058250000000000000e+03,1.387000000000000000e+03,5.116381527375036057e+03,1.011855237632558469e+00,1.011842347391700647e+00
3.250000000000000805e-02,3.058250000000000000e+03,1.726000000000000000e+03,5.016271961735596960e+03,1.010230206346602433e+00,1.010051672478688545e+00
3.250000000000000805e-02,3.058250000000000000e+03,2.404000000000000000e+03,4.992381581512161574e+03,1.008354648044516466e+00,1.008188333434244299e+00
3.250000000000000805e-02,3.058250000000000000e+03,3.816000000000000000e+03,4.934283296270214123e+03,1.006655132750516657e+00,1.006483588999660173e+00
3.250000000000000805e-02,3.058250000000000000e+03,4.945000000000000000e+03,4.935680464217773078e+03,1.006028276254152365e+00,1.005878213819448863e+00
3.250000000000000805e-02,3.450000000000000000e+03,5.020000000000000000e+02,5.775499961203522616e+03,1.003652822319059723e+00,1.004100149530229302e+00
3.250000000000000805e-02,3.450000000000000000e+03,5.580000000000000000e+02,5.828367325051764055e+03,1.003305412808869646e+00,1.003743817930280224e+00
3.250000000000000805e-02,3.450000000000000000e+03,6.470000000000000000e+02,5.756297110742214500e+03,1.002873083880202243e+00,1.003219160553911804e+00
3.250000000000000805e-02,3.450000000000000000e+03,7.085000000000000000e+02,5.666827152383202701e+03,1.002636562160125422e+00,1.002911087304273252e+00
3.250000000000000805e-02,3.450000000000000000e+03,8.780000000000000000e+02,5.374674966602932727e+03,1.002156346130822717e+00,1.002272669012833406e+00
3.250000000000000805e-02,3.450000000000000000e+03,9.907000000000000455e+02,5.206612414845768399e+03,1.001929976739083017e+00,1.001976897869184757e+00
3.250000000000000805e-02,3.450000000000000000e+03,1.387000000000000000e+03,5.063775067379428037e+03,1.001440168761925653e+00,1.001438618958799154e+00
3.250000000000000805e-02,3.450000000000000000e+03,1.726000000000000000e+03,4.972270067225003913e+03,1.001212645996644168e+00,1.001191668977746252e+00
3.250000000000000805e-02,3.450000000000000000e+03,2.404000000000000000e+03,4.956529003905751779e+03,1.000967186822678823e+00,1.000948071471860601e+00
3.250000000000000805e-02,3.450000000000000000e+03,3.816000000000000000e+03,4.906118898202471428e+03,1.000758110460441275e+00,1.000738680824107218e+00
3.250000000000000805e-02,3.450000000000000000e+03,4.945000000000000000e+03,4.910108862391182811e+03,1.000683722928657815e+00,1.000666791127824196e+00
5.500000000000000722e-02,1.883000000000000000e+03,5.020000000000000000e+02,6.128549261338655924e+03,1.058146870659553818e+00,1.065479572513267303e+00
5.500000000000000722e-02,1.883000000000000000e+03,5.580000000000000000e+02,6.190113662361884963e+03,1.058091318293147731e+00,1.066042679598325549e+00
5.500000000000000722e-02,1.883000000000000000e+03,6.470000000000000000e+02,6.111557857608418090e+03,1.057939272592550051e+00,1.065134725611135647e+00
5.500000000000000722e-02,1.883000000000000000e+03,7.085000000000000000e+02,6.011796497429555529e+03,1.057781188919157067e+00,1.063963519577874495e+00
5.500000000000000722e-02,1.883000000000000000e+03,8.780000000000000000e+02,5.685545909071553979e+03,1.057109312717321004e+00,1.060244072151187877e+00
5.500000000000000722e-02,1.883000000000000000e+03,9.907000000000000455e+02,5.496950932902477689e+03,1.056487655813964421e+00,1.057850557069341502e+00
5.500000000000000722e-02,1.883000000000000000e+03,1.387000000000000000e+03,5.327057746237651372e+03,1.053624683810973295e+00,1.053506777359049851e+00
5.500000000000000722e-02,1.883000000000000000e+03,1.726000000000000000e+03,5.214551151274115909e+03,1.050939998310493007e+00,1.049976187843642217e+00
5.500000000000000722e-02,1.883000000000000000e+03,2.404000000000000000e+03,5.175873364524297358e+03,1.046222654730956547e+00,1.045243648997252528e+00
5.500000000000000722e-02,1.883000000000000000e+03,3.816000000000000000e+03,5.092546670087849634e+03,1.039910877779146592e+00,1.038765782567178775e+00
5.500000000000000722e-02,1.883000000000000000e+03,4.945000000000000000e+03,5.083726997372251390e+03,1.036996449211648796e+00,1.036049693397835592e+00
5.500000000000000722e-02,2.274750000000000000e+03,5.020000000000000000e+02,6.124039305416384195e+03,1.057455331350059202e+00,1.064695493654926439e+00
5.500000000000000722e-02,2.274750000000000000e+03,5.580000000000000000e+02,6.183126844556574724e+03,1.057040688979863141e+00,1.064839430937428499e+00
5.500000000000000722e-02,2.274750000000000000e+03,6.470000000000000000e+02,6.100273762081443238e+03,1.056201373297940060e+00,1.063168110506947039e+00
5.500000000000000722e-02,2.274750000000000000e+03,7.085000000000000000e+02,5.997537551340359641e+03,1.055514287219618152e+00,1.061439981318883508e+00
5.500000000000000722e-02,2.274750000000000000e+03,8.780000000000000000e+02,5.664082464054697994e+03,1.053325539572424363e+00,1.056241555821004763e+00
5.500000000000000722e-02,2.274750000000000000e+03,9.907000000000000455e+02,5.471713332365735369e+03,1.051750871461733627e+00,1.052993753704573265e+00
5.500000000000000722e-02,2.274750000000000000e+03,1.387000000000000000e+03,5.290523387292300868e+03,1.046382835736240358e+00,1.046281551617395555e+00
5.500000000000000722e-02,2.274750000000000000e+03,1.726000000000000000e+03,5.173655214364524909e+03,1.042540153320957730e+00,1.041741584578865565e+00
5.500000000000000722e-02,2.274750000000000000e+03,2.404000000000000000e+03,5.131205984017062292e+03,1.037000187301847731e+00,1.036223278423170413e+00
5.500000000000000722e-02,2.274750000000000000e+03,3.816000000000000000e+03,5.049404783491584567e+03,1.030843237238113108e+00,1.029965801242545886e+00
5.500000000000000722e-02,2.274750000000000000e+03,4.945000000000000000e+03,5.042125291182642286e+03,1.028289393262811879e+00,1.027571379167970367e+00
5.500000000000000722e-02,2.666500000000000000e+03,5.020000000000000000e+02,6.098042481541665438e+03,1.053466854965985799e+00,1.060175813122459232e+00
5.500000000000000722e-02,2.666500000000000000e+03,5.580000000000000000e+02,6.150225473371518092e+03,1.052089367107281959e+00,1.059173256160405918e+00
5.500000000000000722e-02,2.666500000000000000e+03,6.470000000000000000e+02,6.058983754054780547e+03,1.049836119404632617e+00,1.055972003983107310e+00
5.500000000000000722e-02,2.666500000000000000e+03,7.085000000000000000e+02,5.952116918284566964e+03,1.048286333775470869e+00,1.053401469598109319e+00
5.500000000000000722e-02,2.666500000000000000e+03,8.780000000000000000e+02,5.612613471453586499e+03,1.044246052633607480e+00,1.046643586658913661e+00
5.500000000000000722e-02,2.666500000000000000e+03,9.907000000000000455e+02,5.418858972702889332e+03,1.041827442968397577e+00,1.042822294199956312e+00
5.500000000000000722e-02,2.666500000000000000e+03,1.387000000000000000e+03,5.233676606591575364e+03,1.035115090534672211e+00,1.035039235203319752e+00
5.500000000000000722e-02,2.666500000000000000e+03,1.726000000000000000e+03,5.118180836958586042e+03,1.031150020616537377e+00,1.030571538754796013e+00
5.500000000000000722e-02,2.666500000000000000e+03,2.404000000000000000e+03,5.078604976986644942e+03,1.026144079745846760e+00,1.025600748724850186e+00
5.500000000000000722e-02,2.666500000000000000e+03,3.816000000000000000e+03,5.003603631269504149e+03,1.021221631227570592e+00,1.020623389122908620e+00
5.500000000000000722e-02,2.666500000000000000e+03,4.945000000000000000e+03,4.999245607446911890e+03,1.019318777297114620e+00,1.018832616600593433e+00
5.500000000000000722e-02,3.058250000000000000e+03,5.020000000000000000e+02,6.008333926033837088e+03,1.039674454868751541e+00,1.044579522826444729e+00
5.500000000000000722e-02,3.058250000000000000e+03,5.580000000000000000e+02,6.052787092249212037e+03,1.037388608399967493e+00,1.042392712446171155e+00
5.500000000000000722e-02,3.058250000000000000e+03,6.470000000000000000e+02,5.957787430983185914e+03,1.034195436639548271e+00,1.038335303109281460e+00
5.500000000000000722e-02,3.058250000000000000e+03,7.085000000000000000e+02,5.851703521473017645e+03,1.032269616400201429e+00,1.035630377191693929e+00
5.500000000000000722e-02,3.058250000000000000e+03,8.780000000000000000e+02,5.520233673348418051e+03,1.027928129198445228e+00,1.029416545510366765e+00
5.500000000000000722e-02,3.058250000000000000e+03,9.907000000000000455e+02,5.332815600154861386e+03,1.025663139663659518e+00,1.026263836485290737e+00
5.500000000000000722e-02,3.058250000000000000e+03,1.387000000000000000e+03,5.158569522641043477e+03,1.020228736633418842e+00,1.020185665796184082e+00
5.500000000000000722e-02,3.058250000000000000e+03,1.726000000000000000e+03,5.051358734785127126e+03,1.017436147546993297e+00,1.017116571286187821e+00
5.500000000000000722e-02,3.058250000000000000e+03,2.404000000000000000e+03,5.020806979806890922e+03,1.014220888588515335e+00,1.013928710940662281e+00
5.500000000000000722e-02,3.058250000000000000e+03,3.816000000000000000e+03,4.956418659680550263e+03,1.011314663523179780e+00,1.010998708758974907e+00
5.500000000000000722e-02,3.058250000000000000e+03,4.945000000000000000e+03,4.955850867143451978e+03,1.010244452700763684e+00,1.009988886909813921e+00
5.500000000000000722e-02,3.450000000000000000e+03,5.020000000000000000e+02,5.791811300836058763e+03,1.006197371699868892e+00,1.006935959187243768e+00
5.500000000000000722e-02,3.450000000000000000e+03,5.580000000000000000e+02,5.843390336743969783e+03,1.005606605469610448e+00,1.006331035631527593e+00
5.500000000000000722e-02,3.450000000000000000e+03,6.470000000000000000e+02,5.769056863490384785e+03,1.004871832308484647e+00,1.005442956197991178e+00
5.500000000000000722e-02,3.450000000000000000e+03,7.085000000000000000e+02,5.678188252884686335e+03,1.004470033632039794e+00,1.004921766887490131e+00
5.500000000000000722e-02,3.450000000000000000e+03,8.780000000000000000e+02,5.383104383452130605e+03,1.003654657017521101e+00,1.003844591813033427e+00
5.500000000000000722e-02,3.450000000000000000e+03,9.907000000000000455e+02,5.213723237195821639e+03,1.003270484299033205e+00,1.003345326926682768e+00
5.500000000000000722e-02,3.450000000000000000e+03,1.387000000000000000e+03,5.068810927701394576e+03,1.002439641093569644e+00,1.002434537011831717e+00
5.500000000000000722e-02,3.450000000000000000e+03,1.726000000000000000e+03,4.976368001679110421e+03,1.002053894442155979e+00,1.002016808758972699e+00
5.500000000000000722e-02,3.450000000000000000e+03,2.404000000000000000e+03,4.959780183929063242e+03,1.001637874405678197e+00,1.001604632216643198e+00
5.500000000000000722e-02,3.450000000000000000e+03,3.816000000000000000e+03,4.908616476554605470e+03,1.001283629871446479e+00,1.001248131026442278e+00
5.500000000000000722e-02,3.450000000000000000e+03,4.945000000000000000e+03,4.912376807036156606e+03,1.001157617525944454e+00,1.001128992059401313e+00
7.750000000000001332e-02,1.883000000000000000e+03,5.020000000000000000e+02,6.295289686509275271e+03,1.083930716690735929e+00,1.094468246562477098e+00
7.750000000000001332e-02,1.883000000000000000e+03,5.580000000000000000e+02,6.359958086505246683e+03,1.083848578977074872e+00,1.095292773361472793e+00
7.750000000000001332e-02,1.883000000000000000e+03,6.470000000000000000e+02,6.277001624570788408e+03,1.083623789275804938e+00,1.093968601593861667e+00
7.750000000000001332e-02,1.883000000000000000e+03,7.085000000000000000e+02,6.171625617918285570e+03,1.083390103193331067e+00,1.092249965008776025e+00
7.750000000000001332e-02,1.883000000000000000e+03,8.780000000000000000e+02,5.828211073093614687e+03,1.082397252191780401e+00,1.086848359035148093e+00
7.750000000000001332e-02,1.883000000000000000e+03,9.907000000000000455e+02,5.629523683438941589e+03,1.081479109326633603e+00,1.083363274886737670e+00
7.750000000000001332e-02,1.883000000000000000e+03,1.387000000000000000e+03,5.445850704490550925e+03,1.077256866987270190e+00,1.076999893556325860e+00
7.750000000000001332e-02,1.883000000000000000e+03,1.726000000000000000e+03,5.323120493671451186e+03,1.073306734175486721e+00,1.071837172795183424e+00
7.750000000000001332e-02,1.883000000000000000e+03,2.404000000000000000e+03,5.273276850718322748e+03,1.066387256999502764e+00,1.064913831817472012e+00
7.750000000000001332e-02,1.883000000000000000e+03,3.816000000000000000e+03,5.174026559991440081e+03,1.057171504338753065e+00,1.055385860316555569e+00
7.750000000000001332e-02,1.883000000000000000e+03,4.945000000000000000e+03,5.159842559662508393e+03,1.052932488761366692e+00,1.051561837345452499e+00
7.750000000000001332e-02,2.274750000000000000e+03,5.020000000000000000e+02,6.288608264713780045e+03,1.082908504184954435e+00,1.093306647277740185e+00
7.750000000000001332e-02,2.274750000000000000e+03,5.580000000000000000e+02,6.349605394859403532e+03,1.082295876352820763e+00,1.093509864073345383e+00
7.750000000000001332e-02,2.274750000000000000e+03,6.470000000000000000e+02,6.260295242074276757e+03,1.081056451231869886e+00,1.091056979295428553e+00
7.750000000000001332e-02,2.274750000000000000e+03,7.085000000000000000e+02,6.150536359977642860e+03,1.080042473247957657e+00,1.088517602958030350e+00
7.750000000000001332e-02,2.274750000000000000e+03,8.780000000000000000e+02,5.796545568454880595e+03,1.076816279672662358e+00,1.080943356398316846e+00
7.750000000000001332e-02,2.274750000000000000e+03,9.907000000000000455e+02,5.592354192114789839e+03,1.074498884317776737e+00,1.076210260864384649e+00
7.750000000000001332e-02,2.274750000000000000e+03,1.387000000000000000e+03,5.392264210098418516e+03,1.066621766633983226e+00,1.066402348399828170e+00
7.750000000000001332e-02,2.274750000000000000e+03,1.726000000000000000e+03,5.263316760675706973e+03,1.061004593444333288e+00,1.059795389376423147e+00
7.750000000000001332e-02,2.274750000000000000e+03,2.404000000000000000e+03,5.208227849589075049e+03,1.052937919213347895e+00,1.051777487375588516e+00
7.750000000000001332e-02,2.274750000000000000e+03,3.816000000000000000e+03,5.111628856007466311e+03,1.044016309254530039e+00,1.042658122308768309e+00
7.750000000000001332e-02,2.274750000000000000e+03,4.945000000000000000e+03,5.099660700452202036e+03,1.040329052315223990e+00,1.039296938617574551e+00
7.750000000000001332e-02,2.666500000000000000e+03,5.020000000000000000e+02,6.250179107277876028e+03,1.077024398873465794e+00,1.086625542094307617e+00
7.750000000000001332e-02,2.666500000000000000e+03,5.580000000000000000e+02,6.300992647703340481e+03,1.074996781559286241e+00,1.085137923577973007e+00
7.750000000000001332e-02,2.666500000000000000e+03,6.470000000000000000e+02,6.199396274535917655e+03,1.071685103079687451e+00,1.080443383451249684e+00
7.750000000000001332e-02,2.666500000000000000e+03,7.085000000000000000e+02,6.083651986747873707e+03,1.069410943032084171e+00,1.076680453584006880e+00
7.750000000000001332e-02,2.666500000000000000e+03,8.780000000000000000e+02,5.721039928073268129e+03,1.063496030454151198e+00,1.066863018483737102e+00
7.750000000000001332e-02,2.666500000000000000e+03,9.907000000000000455e+02,5.514995890649965077e+03,1.059964739893750618e+00,1.061323185593495477e+00
7.750000000000001332e-02,2.666500000000000000e+03,1.387000000000000000e+03,5.309521469583411090e+03,1.050201512845073903e+00,1.050038711649055712e+00
7.750000000000001332e-02,2.666500000000000000e+03,1.726000000000000000e+03,5.182844946262199301e+03,1.044459770178714830e+00,1.043591983469452256e+00
7.750000000000001332e-02,2.666500000000000000e+03,2.404000000000000000e+03,5.132245923111233424e+03,1.037237653167586426e+00,1.036433289305773497e+00
7.750000000000001332e-02,2.666500000000000000e+03,3.816000000000000000e+03,5.045877300600909621e+03,1.030165088156634434e+00,1.029246273516477794e+00
7.750000000000001332e-02,2.666500000000000000e+03,4.945000000000000000e+03,5.038070506955261408e+03,1.027438765766220952e+00,1.026745025204088391e+00
7.750000000000001332e-02,3.058250000000000000e+03,5.020000000000000000e+02,6.118668517362535567e+03,1.056827245953424921e+00,1.063761754736358256e+00
7.750000000000001332e-02,3.058250000000000000e+03,5.580000000000000000e+02,6.158354101156282923e+03,1.053502283810917595e+00,1.060573143887479253e+00
7.750000000000001332e-02,3.058250000000000000e+03,6.470000000000000000e+02,6.051664456861561121e+03,1.048868096772173075e+00,1.054696381991267584e+00
7.750000000000001332e-02,3.058250000000000000e+03,7.085000000000000000e+02,5.937355511498653868e+03,1.046079123138909051e+00,1.050789006198096454e+00
7.750000000000001332e-02,3.058250000000000000e+03,8.780000000000000000e+02,5.587012636654176276e+03,1.039808086067699033e+00,1.041869527356202196e+00
7.750000000000001332e-02,3.058250000000000000e+03,9.907000000000000455e+02,5.390446845537688205e+03,1.036545370458577198e+00,1.037354574928654127e+00
7.750000000000001332e-02,3.058250000000000000e+03,1.387000000000000000e+03,5.201372820776928165e+03,1.028741980051777194e+00,1.028650669711586030e+00
7.750000000000001332e-02,3.058250000000000000e+03,1.726000000000000000e+03,5.086892985284530369e+03,1.024745626798033271e+00,1.024271571936268277e+00
7.750000000000001332e-02,3.058250000000000000e+03,2.404000000000000000e+03,5.049521226811792985e+03,1.020155783847845665e+00,1.019727420106022908e+00
7.750000000000001332e-02,3.058250000000000000e+03,3.816000000000000000e+03,4.978663418092166467e+03,1.016017530268532587e+00,1.015536142655297347e+00
7.750000000000001332e-02,3.058250000000000000e+03,4.945000000000000000e+03,4.976190801853075754e+03,1.014496117127271280e+00,1.014134110115255671e+00
7.750000000000001332e-02,3.450000000000000000e+03,5.020000000000000000e+02,5.808106529223588950e+03,1.008754856208129214e+00,1.009768967822073593e+00
7.750000000000001332e-02,3.450000000000000000e+03,5.580000000000000000e+02,5.858388056981467344e+03,1.007918378480673782e+00,1.008913897714830199e+00
7.750000000000001332e-02,3.450000000000000000e+03,6.470000000000000000e+02,5.781791391077151275e+03,1.006878563747496846e+00,1.007662355549669098e+00
7.750000000000001332e-02,3.450000000000000000e+03,7.085000000000000000e+02,5.689525852060506622e+03,1.006310222944196031e+00,1.006928287222605745e+00
7.750000000000001332e-02,3.450000000000000000e+03,8.780000000000000000e+02,5.391526676405411308e+03,1.005157454822695140e+00,1.005415186144773765e+00
7.750000000000001332e-02,3.450000000000000000e+03,9.907000000000000455e+02,5.220832972557931498e+03,1.004614583662762239e+00,1.004713546800796165e+00
7.750000000000001332e-02,3.450000000000000000e+03,1.387000000000000000e+03,5.073846744215515173e+03,1.003441110435021821e+00,1.003430446401195830e+00
7.750000000000001332e-02,3.450000000000000000e+03,1.726000000000000000e+03,4.980467329005699867e+03,1.002896557760081908e+00,1.002842229002102181e+00
7.750000000000001332e-02,3.450000000000000000e+03,2.404000000000000000e+03,4.963031497370428951e+03,1.002309461365680887e+00,1.002261219904583944e+00
7.750000000000001332e-02,3.450000000000000000e+03,3.816000000000000000e+03,4.911106553451616492e+03,1.001809701495314453e+00,1.001756051099471634e+00
7.750000000000001332e-02,3.450000000000000000e+03,4.945000000000000000e+03,4.914647292244667369e+03,1.001631961181184804e+00,1.001591710750896258e+00
1.000000000000000056e-01,1.883000000000000000e+03,5.020000000000000000e+02,6.470090741475531104e+03,1.111002494777405980e+00,1.124858302247471631e+00
1.000000000000000056e-01,1.883000000000000000e+03,5.580000000000000000e+02,6.538051084135409837e+03,1.110891153214400129e+00,1.125963411538238867e+00
1.000000000000000056e-01,1.883000000000000000e+03,6.470000000000000000e+02,6.450430854026079032e+03,1.110586467950517520e+00,1.124194200210889116e+00
1.000000000000000056e-01,1.883000000000000000e+03,7.085000000000000000e+02,6.339068941622283091e+03,1.110269767528152984e+00,1.121883966774154251e+00
1.000000000000000056e-01,1.883000000000000000e+03,8.780000000000000000e+02,5.977557191090610104e+03,1.108924708310199403e+00,1.114698514295078935e+00
1.000000000000000056e-01,1.883000000000000000e+03,9.907000000000000455e+02,5.768193316817771120e+03,1.107681566325854572e+00,1.110049296048098100e+00
1.000000000000000056e-01,1.883000000000000000e+03,1.387000000000000000e+03,5.569772298570585917e+03,1.101973485402335973e+00,1.101507275575351219e+00
1.000000000000000056e-01,1.883000000000000000e+03,1.726000000000000000e+03,5.436117297016984594e+03,1.096646217226354247e+00,1.094589649350384386e+00
1.000000000000000056e-01,1.883000000000000000e+03,2.404000000000000000e+03,5.374232916634302455e+03,1.087344428818422637e+00,1.085301441655396326e+00
1.000000000000000056e-01,1.883000000000000000e+03,3.816000000000000000e+03,5.257985997066061827e+03,1.075014791937898728e+00,1.072511710310035449e+00
1.000000000000000056e-01,1.883000000000000000e+03,4.945000000000000000e+03,5.238270832551683270e+03,1.069365966766492537e+00,1.067545305403936329e+00
1.000000000000000056e-01,2.274750000000000000e+03,5.020000000000000000e+02,6.461017826139503086e+03,1.109617224795631518e+00,1.123280929603236888e+00
1.000000000000000056e-01,2.274750000000000000e+03,5.580000000000000000e+02,6.523990469392004343e+03,1.108787414669361038e+00,1.123541934932890118e+00
1.000000000000000056e-01,2.274750000000000000e+03,6.470000000000000000e+02,6.427760107774127391e+03,1.107109526195272142e+00,1.120243096474153432e+00
1.000000000000000056e-01,2.274750000000000000e+03,7.085000000000000000e+02,6.310480459036038155e+03,1.105737759219052041e+00,1.116824397215394837e+00
1.000000000000000056e-01,2.274750000000000000e+03,8.780000000000000000e+02,5.934740307512176514e+03,1.101378676840111259e+00,1.106713995705651987e+00
1.000000000000000056e-01,2.274750000000000000e+03,9.907000000000000455e+02,5.718022598761529480e+03,1.098252671034545269e+00,1.100394284989751226e+00
1.000000000000000056e-01,2.274750000000000000e+03,1.387000000000000000e+03,5.497748487573006059e+03,1.087659054023349059e+00,1.087263470339568272e+00
1.000000000000000056e-01,2.274750000000000000e+03,1.726000000000000000e+03,5.355985921748462715e+03,1.080134874080623808e+00,1.078454792583172006e+00
1.000000000000000056e-01,2.274750000000000000e+03,2.404000000000000000e+03,5.287453575425926829e+03,1.069373194242101643e+00,1.067776755699221036e+00
1.000000000000000056e-01,2.274750000000000000e+03,3.816000000000000000e+03,5.175277115411880004e+03,1.057530414804757735e+00,1.055640945692127630e+00
1.000000000000000056e-01,2.274750000000000000e+03,4.945000000000000000e+03,5.158523436372574906e+03,1.052653982566670532e+00,1.051293003617599586e+00
1.000000000000000056e-01,2.666500000000000000e+03,5.020000000000000000e+02,6.408953668303296581e+03,1.101659625774960904e+00,1.114229309999796413e+00
1.000000000000000056e-01,2.666500000000000000e+03,5.580000000000000000e+02,6.458162998968841748e+03,1.098923937244649984e+00,1.112205326788232362e+00
1.000000000000000056e-01,2.666500000000000000e+03,6.470000000000000000e+02,6.345446875296367580e+03,1.094462849520424497e+00,1.105897379010280401e+00
1.000000000000000056e-01,2.666500000000000000e+03,7.085000000000000000e+02,6.220225651751509758e+03,1.091404449767239493e+00,1.100851164844949714e+00
1.000000000000000056e-01,2.666500000000000000e+03,8.780000000000000000e+02,5.833242968716345786e+03,1.083469058157903619e+00,1.087786710002848878e+00
1.000000000000000056e-01,2.666500000000000000e+03,9.907000000000000455e+02,5.614281355522221929e+03,1.078744734301403163e+00,1.080429993277614464e+00
1.000000000000000056e-01,2.666500000000000000e+03,1.387000000000000000e+03,5.387415834992137206e+03,1.065734197393426452e+00,1.065443508402786010e+00
1.000000000000000056e-01,2.666500000000000000e+03,1.726000000000000000e+03,5.249053752384824293e+03,1.058117608607967997e+00,1.056923460683426352e+00
1.000000000000000056e-01,2.666500000000000000e+03,2.404000000000000000e+03,5.186933381575498061e+03,1.048573711806557895e+00,1.047477168205779741e+00
1.000000000000000056e-01,2.666500000000000000e+03,3.816000000000000000e+03,5.088785059497724433e+03,1.039266575603144283e+00,1.037998498019485627e+00
1.000000000000000056e-01,2.666500000000000000e+03,4.945000000000000000e+03,5.077502568340386460e+03,1.035689162248997652e+00,1.034781171741701478e+00
1.000000000000000056e-01,3.058250000000000000e+03,5.020000000000000000e+02,6.232315394665954955e+03,1.074555512849350469e+00,1.083519844470675952e+00
1.000000000000000056e-01,3.058250000000000000e+03,5.580000000000000000e+02,6.266863896833619037e+03,1.070124442347933247e+00,1.079260373178580146e+00
1.000000000000000056e-01,3.058250000000000000e+03,6.470000000000000000e+02,6.147877648679078447e+03,1.063963085783227180e+00,1.071464612621554791e+00
1.000000000000000056e-01,3.058250000000000000e+03,7.085000000000000000e+02,6.024975082192907394e+03,1.060263121670780073e+00,1.066295856248596241e+00
1.000000000000000056e-01,3.058250000000000000e+03,8.780000000000000000e+02,5.655128635248196588e+03,1.051965851369778715e+00,1.054571840358853096e+00
1.000000000000000056e-01,3.058250000000000000e+03,9.907000000000000455e+02,5.449146982467012094e+03,1.047660997341337552e+00,1.048651014229039946e+00
1.000000000000000056e-01,3.058250000000000000e+03,1.387000000000000000e+03,5.244792087062300197e+03,1.037398495593546244e+00,1.037237490707078935e+00
1.000000000000000056e-01,3.058250000000000000e+03,1.726000000000000000e+03,5.122871186505118203e+03,1.032160891766049859e+00,1.031515964304312138e+00
1.000000000000000056e-01,3.058250000000000000e+03,2.404000000000000000e+03,5.078513723196009778e+03,1.026160546152780517e+00,1.025582320444559992e+00
1.000000000000000056e-01,3.058250000000000000e+03,3.816000000000000000e+03,5.001063870433197735e+03,1.020764340380524660e+00,1.020105334635915684e+00
1.000000000000000056e-01,3.058250000000000000e+03,4.945000000000000000e+03,4.996698074062999694e+03,1.018783719486150430e+00,1.018313436246753190e+00
1.000000000000000056e-01,3.450000000000000000e+03,5.020000000000000000e+02,5.824378723064404767e+03,1.011325374728077264e+00,1.012597971783376183e+00
1.000000000000000056e-01,3.450000000000000000e+03,5.580000000000000000e+02,5.873353595938102444e+03,1.010240804979190443e+00,1.011491217635136275e+00
1.000000000000000056e-01,3.450000000000000000e+03,6.470000000000000000e+02,5.794495046419711798e+03,1.008893326119213674e+00,1.009876374423876566e+00
1.000000000000000056e-01,3.450000000000000000e+03,7.085000000000000000e+02,5.700835277113958000e+03,1.008157167085611761e+00,1.008929821321342679e+00
1.000000000000000056e-01,3.450000000000000000e+03,8.780000000000000000e+02,5.399938900187861691e+03,1.006664759731702885e+00,1.006983902771390271e+00
1.000000000000000056e-01,3.450000000000000000e+03,9.907000000000000455e+02,5.227939298998562663e+03,1.005962289285647238e+00,1.006081110651319666e+00
1.000000000000000056e-01,3.450000000000000000e+03,1.387000000000000000e+03,5.078881032771986611e+03,1.004444582777498374e+00,1.004426053613670655e+00
1.000000000000000056e-01,3.450000000000000000e+03,1.726000000000000000e+03,4.984566675063195362e+03,1.003740639522877842e+00,1.003667653016794059e+00
1.000000000000000056e-01,3.450000000000000000e+03,2.404000000000000000e+03,4.966281268663829906e+03,1.002981949512967264e+00,1.002917496162887057e+00
1.000000000000000056e-01,3.450000000000000000e+03,3.816000000000000000e+03,4.913594193968528998e+03,1.002336326202896366e+00,1.002263474205375537e+00
1.000000000000000056e-01,3.450000000000000000e+03,4.945000000000000000e+03,4.916919843021450106e+03,1.002106754532965605e+00,1.002054850399570096e+00
1.000000000000000194e-02,3.550000000000000000e+03,5.020000000000000000e+02,5.744001678393173279e+03,9.987779877690259323e-01,9.986240122793813567e-01
1.000000000000000194e-02,3.550000000000000000e+03,5.580000000000000000e+02,5.799413439621092948e+03,9.989065248958876042e-01,9.987574672277119703e-01
1.000000000000000194e-02,3.550000000000000000e+03,6.470000000000000000e+02,5.731779730777986515e+03,9.990624870084803266e-01,9.989462217403830557e-01
1.000000000000000194e-02,3.550000000000000000e+03,7.085000000000000000e+02,5.645033806486066169e+03,9.991459886266349510e-01,9.990541162617555537e-01
1.000000000000000194e-02,3.550000000000000000e+03,8.780000000000000000e+02,5.358588404680064741e+03,9.993116697872013177e-01,9.992728371246060171e-01
1.000000000000000194e-02,3.550000000000000000e+03,9.907000000000000455e+02,5.193076145872499183e+03,9.993880191887797304e-01,9.993719356185116753e-01
1.000000000000000194e-02,3.550000000000000000e+03,1.387000000000000000e+03,5.054221548483339575e+03,9.995494961728987882e-01,9.995492651383406368e-01
1.000000000000000194e-02,3.550000000000000000e+03,1.726000000000000000e+03,4.964508679054846652e+03,9.996228252391624602e-01,9.996288743043667546e-01
1.000000000000000194e-02,3.550000000000000000e+03,2.404000000000000000e+03,4.950380340051907297e+03,9.997007968750594165e-01,9.997063772899472678e-01
1.000000000000000194e-02,3.550000000000000000e+03,3.816000000000000000e+03,4.901380688959066902e+03,9.997663330759017919e-01,9.997721919627283738e-01
1.000000000000000194e-02,3.550000000000000000e+03,4.945000000000000000e+03,4.905828997704308676e+03,9.997894691191111516e-01,9.997945663803285976e-01
1.000000000000000194e-02,3.787500000000000000e+03,5.020000000000000000e+02,5.696558449768574064e+03,9.914448266991792158e-01,9.903757648071002118e-01
1.000000000000000194e-02,3.787500000000000000e+03,5.580000000000000000e+02,5.757514492849224553e+03,9.925499744795950319e-01,9.915417571575373401e-01
1.000000000000000194e-02,3.787500000000000000e+03,6.470000000000000000e+02,5.697990934514951732e+03,9.938194068233737744e-01,9.930574416494682977e-01
1.000000000000000194e-02,3.787500000000000000e+03,7.085000000000000000e+02,5.615773830971559619e+03,9.944677652576290328e-01,9.938757063564156446e-01
1.000000000000000194e-02,3.787500000000000000e+03,8.780000000000000000e+02,5.338085840517758697e+03,9.956916360361707241e-01,9.954495064427975048e-01
1.000000000000000194e-02,3.787500000000000000e+03,9.907000000000000455e+02,5.176227515281350861e+03,9.962283342267880260e-01,9.961295320616564419e-01
1.000000000000000194e-02,3.787500000000000000e+03,1.387000000000000000e+03,5.042885503602323297e+03,9.973087667173977655e-01,9.973073896642045133e-01
1.000000000000000194e-02,3.787500000000000000e+03,1.726000000000000000e+03,4.955482398770527652e+03,9.977757804278090115e-01,9.978113872209344315e-01
1.000000000000000194e-02,3.787500000000000000e+03,2.404000000000000000e+03,4.943364096732682810e+03,9.982570172762930127e-01,9.982894794540179140e-01
1.000000000000000194e-02,3.787500000000000000e+03,3.816000000000000000e+03,4.896044877309990625e+03,9.986499927543029953e-01,9.986838055575846251e-01
1.000000000000000194e-02,3.787500000000000000e+03,4.945000000000000000e+03,4.901026065476376971e+03,9.987863873310740548e-01,9.988157418949202837e-01
1.000000000000000194e-02,4.025000000000000000e+03,5.020000000000000000e+02,5.630617040903951420e+03,9.812298922220994424e-01,9.789115142753758159e-01
1.000000000000000194e-02,4.025000000000000000e+03,5.580000000000000000e+02,5.701784203076543236e+03,9.840779416048023309e-01,9.819440549690783282e-01
1.000000000000000194e-02,4.025000000000000000e+03,6.470000000000000000e+02,5.655401886424438089e+03,9.872010422620216552e-01,9.856349357829067293e-01
1.000000000000000194e-02,4.025000000000000000e+03,7.085000000000000000e+02,5.579945885882287257e+03,9.887330014390235400e-01,9.875349018110981536e-01
1.000000000000000194e-02,4.025000000000000000e+03,8.780000000000000000e+02,5.314381204058138792e+03,9.915043838754703520e-01,9.910290513641197840e-01
1.000000000000000194e-02,4.025000000000000000e+03,9.907000000000000455e+02,5.157249827010046829e+03,9.926687504764326597e-01,9.924774059366944234e-01
1.000000000000000194e-02,4.025000000000000000e+03,1.387000000000000000e+03,5.030780327582307109e+03,9.949160019427957247e-01,9.949134067967918549e-01
1.000000000000000194e-02,4.025000000000000000e+03,1.726000000000000000e+03,4.946055661230741862e+03,9.958469070298269221e-01,9.959132660483368538e-01
1.000000000000000194e-02,4.025000000000000000e+03,2.404000000000000000e+03,4.936189583106376631e+03,9.967807497678368156e-01,9.968406196627525029e-01
1.000000000000000194e-02,4.025000000000000000e+03,3.816000000000000000e+03,4.890665946557071038e+03,9.975246944785212122e-01,9.975866238182889978e-01
1.000000000000000194e-02,4.025000000000000000e+03,4.945000000000000000e+03,4.896203050374747363e+03,9.977791603137761145e-01,9.978328245746393987e-01
1.000000000000000194e-02,4.262500000000000000e+03,5.020000000000000000e+02,5.543764991852717685e+03,9.677355008745527343e-01,9.638118422079938741e-01
1.000000000000000194e-02,4.262500000000000000e+03,5.580000000000000000e+02,5.631009500107086751e+03,9.732906274906848454e-01,9.697554493768917316e-01
1.000000000000000194e-02,4.262500000000000000e+03,6.470000000000000000e+02,5.603693623966288214e+03,9.791509245014049512e-01,9.766231147008851421e-01
1.000000000000000194e-02,4.262500000000000000e+03,7.085000000000000000e+02,5.537492449018688603e+03,9.819285653849831874e-01,9.800215223873461889e-01
1.000000000000000194e-02,4.262500000000000000e+03,8.780000000000000000e+02,5.287619927618392467e+03,9.867748192656108364e-01,9.860385921958683131e-01
1.000000000000000194e-02,4.262500000000000000e+03,9.907000000000000455e+02,5.136292195069946501e+03,9.887370207439416525e-01,9.884442532137932558e-01
1.000000000000000194e-02,4.262500000000000000e+03,1.387000000000000000e+03,5.017999588627919366e+03,9.923896959131762729e-01,9.923858210732066087e-01
1.000000000000000194e-02,4.262500000000000000e+03,1.726000000000000000e+03,4.936286292279490226e+03,9.938480513036993536e-01,9.939461543120626796e-01
1.000000000000000194e-02,4.262500000000000000e+03,2.404000000000000000e+03,4.928883796778471151e+03,9.952775544172436373e-01,9.953652499575131873e-01
1.000000000000000194e-02,4.262500000000000000e+03,3.816000000000000000e+03,4.885252830195474417e+03,9.963923085182919692e-01,9.964824689783325917e-01
1.000000000000000194e-02,4.262500000000000000e+03,4.945000000000000000e+03,4.891364849891166159e+03,9.967688113902906100e-01,9.968468125149433368e-01
1.000000000000000194e-02,4.500000000000000000e+03,5.020000000000000000e+02,5.434605092523914209e+03,9.507099325229786402e-01,9.448338364985252591e-01
1.000000000000000194e-02,4.500000000000000000e+03,5.580000000000000000e+02,5.544625889988164090e+03,9.600812113784010782e-01,9.548787249373252850e-01
1.000000000000000194e-02,4.500000000000000000e+03,6.470000000000000000e+02,5.542864063613928010e+03,9.696601824857945529e-01,9.660216152821573532e-01
1.000000000000000194e-02,4.500000000000000000e+03,7.085000000000000000e+02,5.488549687360011376e+03,9.740716511100108166e-01,9.713596668214612428e-01
1.000000000000000194e-02,4.500000000000000000e+03,8.780000000000000000e+02,5.257994538279131120e+03,9.815361301144603923e-01,9.805140315055735911e-01
1.000000000000000194e-02,4.500000000000000000e+03,9.907000000000000455e+02,5.113518602480105073e+03,9.844636883417274831e-01,9.840616313018102357e-01
1.000000000000000194e-02,4.500000000000000000e+03,1.387000000000000000e+03,5.004628252647136833e+03,9.897466424514652639e-01,9.897414357954145148e-01
1.000000000000000194e-02,4.500000000000000000e+03,1.726000000000000000e+03,4.926224094116693777e+03,9.917894154643628335e-01,9.919200799363766530e-01
1.000000000000000194e-02,4.500000000000000000e+03,2.404000000000000000e+03,4.921468994370848122e+03,9.937520147795203540e-01,9.938678649599863579e-01
1.000000000000000194e-02,4.500000000000000000e+03,3.816000000000000000e+03,4.879812692917928871e+03,9.952543347875013602e-01,9.953728024750141401e-01
1.000000000000000194e-02,4.500000000000000000e+03,4.945000000000000000e+03,4.886515362441002253e+03,9.957561550556265351e-01,9.958585002022490862e-01
3.250000000000000805e-02,3.550000000000000000e+03,5.020000000000000000e+02,5.726368833502637244e+03,9.960393501650509629e-01,9.955584521875860959e-01
3.250000000000000805e-02,3.550000000000000000e+03,5.580000000000000000e+02,5.783334316102450430e+03,9.964549279197738585e-01,9.959883691373764281e-01
3.250000000000000805e-02,3.550000000000000000e+03,6.470000000000000000e+02,5.718292680910730269e+03,9.969594964286586647e-01,9.965956712761049330e-01
3.250000000000000805e-02,3.550000000000000000e+03,7.085000000000000000e+02,5.633105546669514297e+03,9.972297860735130914e-01,9.969430612215052223e-01
3.250000000000000805e-02,3.550000000000000000e+03,8.780000000000000000e+02,5.349866930027924354e+03,9.977663861022458835e-01,9.976464512070118973e-01
3.250000000000000805e-02,3.550000000000000000e+03,9.907000000000000455e+02,5.185768880811791860e+03,9.980137972789269174e-01,9.979657025068325860e-01
3.250000000000000805e-02,3.550000000000000000e+03,1.387000000000000000e+03,5.049112710271530887e+03,9.985373451580301651e-01,9.985389145964542745e-01
3.250000000000000805e-02,3.550000000000000000e+03,1.726000000000000000e+03,4.960374108435860762e+03,9.987752214273001306e-01,9.987963576464694571e-01
3.250000000000000805e-02,3.550000000000000000e+03,2.404000000000000000e+03,4.947117259182287853e+03,9.990282440368901673e-01,9.990474132243827299e-01
3.250000000000000805e-02,3.550000000000000000e+03,3.816000000000000000e+03,4.898871658141401895e+03,9.992409815510698845e-01,9.992604057132069562e-01
3.250000000000000805e-02,3.550000000000000000e+03,4.945000000000000000e+03,4.903564226795941977e+03,9.993160985974316457e-01,9.993330122476140609e-01
3.250000000000000805e-02,3.787500000000000000e+03,5.020000000000000000e+02,5.576455687734127423e+03,9.727207881385474542e-01,9.694952865579667955e-01
3.250000000000000805e-02,3.787500000000000000e+03,5.580000000000000000e+02,5.650572367265404864e+03,9.761865906994716680e-01,9.731245072752764402e-01
3.250000000000000805e-02,3.787500000000000000e+03,6.470000000000000000e+02,5.610805072048919101e+03,9.801885764615324570e-01,9.778625123272630670e-01
3.250000000000000805e-02,3.787500000000000000e+03,7.085000000000000000e+02,5.539821135689848234e+03,9.822412891409810776e-01,9.804336517180213262e-01
3.250000000000000805e-02,3.787500000000000000e+03,8.780000000000000000e+02,5.284178091820246664e+03,9.861322485885460898e-01,9.853967565549882623e-01
3.250000000000000805e-02,3.787500000000000000e+03,9.907000000000000455e+02,5.131666056202743675e+03,9.878452345905819332e-01,9.875539844743620455e-01
3.250000000000000805e-02,3.787500000000000000e+03,1.387000000000000000e+03,5.012586986957167937e+03,9.913061355704837485e-01,9.913153966823111674e-01
3.250000000000000805e-02,3.787500000000000000e+03,1.726000000000000000e+03,4.931243086071845937e+03,9.928072823032060290e-01,9.929306792932554027e-01
3.250000000000000805e-02,3.787500000000000000e+03,2.404000000000000000e+03,4.924441910897580783e+03,9.943574346592413127e-01,9.944682316806764399e-01
3.250000000000000805e-02,3.787500000000000000e+03,3.816000000000000000e+03,4.881599692335480540e+03,9.956257632668737978e-01,9.957373104449308565e-01
3.250000000000000805e-02,3.787500000000000000e+03,4.945000000000000000e+03,4.888011804737635430e+03,9.960664997538872800e-01,9.961634710599319709e-01
3.250000000000000805e-02,4.025000000000000000e+03,5.020000000000000000e+02,5.376868628578667995e+03,9.414690713594037197e-01,9.347960575235102487e-01
3.250000000000000805e-02,4.025000000000000000e+03,5.580000000000000000e+02,5.480369584129341092e+03,9.500430012800601398e-01,9.438126980087191420e-01
3.250000000000000805e-02,4.025000000000000000e+03,6.470000000000000000e+02,5.479233204273459705e+03,9.595677415768889551e-01,9.549318997819374877e-01
3.250000000000000805e-02,4.025000000000000000e+03,7.085000000000000000e+02,5.428462844932701955e+03,9.642875909157879732e-01,9.607255396721781082e-01
3.250000000000000805e-02,4.025000000000000000e+03,8.780000000000000000e+02,5.209606004973444215e+03,9.729071314694612838e-01,9.714905082735146857e-01
3.250000000000000805e-02,4.025000000000000000e+03,9.907000000000000455e+02,5.071653574899803971e+03,9.765600877016137327e-01,9.760049934878429756e-01
3.250000000000000805e-02,4.025000000000000000e+03,1.387000000000000000e+03,4.973984378767282578e+03,9.836638751745542253e-01,9.836811431620628987e-01
3.250000000000000805e-02,4.025000000000000000e+03,1.726000000000000000e+03,4.901071219152175217e+03,9.866274074917996684e-01,9.868554216364767706e-01
3.250000000000000805e-02,4.025000000000000000e+03,2.404000000000000000e+03,4.901403275193283662e+03,9.896126753890917005e-01,9.898156859254941820e-01
3.250000000000000805e-02,4.025000000000000000e+03,3.816000000000000000e+03,4.864273243176508913e+03,9.919998135927640126e-01,9.922031017894765714e-01
3.250000000000000805e-02,4.025000000000000000e+03,4.945000000000000000e+03,4.872462898124596904e+03,9.928181578897241621e-01,9.929946463104053489e-01
3.250000000000000805e-02,4.262500000000000000e+03,5.020000000000000000e+02,5.128446899613003552e+03,9.022374613626226170e-01,8.916066718639867883e-01
3.250000000000000805e-02,4.262500000000000000e+03,5.580000000000000000e+02,5.274089524888170672e+03,9.181154787514671511e-01,9.082877692116519963e-01
3.250000000000000805e-02,4.262500000000000000e+03,6.470000000000000000e+02,5.325072817111919903e+03,9.352767017270409156e-01,9.280645141651925334e-01
3.250000000000000805e-02,4.262500000000000000e+03,7.085000000000000000e+02,5.300428866536810347e+03,9.435626223560507064e-01,9.380661761461680515e-01
3.250000000000000805e-02,4.262500000000000000e+03,8.780000000000000000e+02,5.127140388958783660e+03,9.582601995247169713e-01,9.561122698538168097e-01
3.250000000000000805e-02,4.262500000000000000e+03,9.907000000000000455e+02,5.006493823790036913e+03,9.643000158255083942e-01,9.634654456819158330e-01
3.250000000000000805e-02,4.262500000000000000e+03,1.387000000000000000e+03,4.933670166213377343e+03,9.756828979355692821e-01,9.757083938185010519e-01
3.250000000000000805e-02,4.262500000000000000e+03,1.726000000000000000e+03,4.870070503926959645e+03,9.802791405964427218e-01,9.806132711908636113e-01
3.250000000000000805e-02,4.262500000000000000e+03,2.404000000000000000e+03,4.878095620805544968e+03,9.848134169333128130e-01,9.851088130934063658e-01
3.250000000000000805e-02,4.262500000000000000e+03,3.816000000000000000e+03,4.846922294819089075e+03,9.883694117264926193e-01,9.886638958447095948e-01
3.250000000000000805e-02,4.262500000000000000e+03,4.945000000000000000e+03,4.856933594981072019e+03,9.895744327105643334e-01,9.898298166944863308e-01
3.250000000000000805e-02,4.500000000000000000e+03,5.020000000000000000e+02,4.837412494404947211e+03,8.557994986892873968e-01,8.410088549215805065e-01
3.250000000000000805e-02,4.500000000000000000e+03,5.580000000000000000e+02,5.036165019708715590e+03,8.809561326766545131e-01,8.673131295074054670e-01
3.250000000000000805e-02,4.500000000000000000e+03,6.470000000000000000e+02,5.151117215806078093e+03,9.076966437913034369e-01,8.977471783921618931e-01
3.250000000000000805e-02,4.500000000000000000e+03,7.085000000000000000e+02,5.157846829396017711e+03,9.203779214306430090e-01,9.128321074065218754e-01
3.250000000000000805e-02,4.500000000000000000e+03,8.780000000000000000e+02,5.037910916199206440e+03,9.423859251313834173e-01,9.394727032989903526e-01
3.250000000000000805e-02,4.500000000000000000e+03,9.907000000000000455e+02,4.936978785766598776e+03,9.512124392940082274e-01,9.500877527398828848e-01
3.250000000000000805e-02,4.500000000000000000e+03,1.387000000000000000e+03,4.891971701217911686e+03,9.674280252005440506e-01,9.674618874784451927e-01
3.250000000000000805e-02,4.500000000000000000e+03,1.726000000000000000e+03,4.838421822607630020e+03,9.737996212151559527e-01,9.742406495024507063e-01
3.250000000000000805e-02,4.500000000000000000e+03,2.404000000000000000e+03,4.854595996426236525e+03,9.799755510705989714e-01,9.803631728108120891e-01
3.250000000000000805e-02,4.500000000000000000e+03,3.816000000000000000e+03,4.829570631194712405e+03,9.847395354349584018e-01,9.851245440014584354e-01
3.250000000000000805e-02,4.500000000000000000e+03,4.945000000000000000e+03,4.841436517661779362e+03,9.863379580034643546e-01,9.866715546136320958e-01
5.500000000000000722e-02,3.550000000000000000e+03,5.020000000000000000e+02,5.708952117358223404e+03,9.933156901175854703e-01,9.925304671815422530e-01
5.500000000000000722e-02,3.550000000000000000e+03,5.580000000000000000e+02,5.767445853463115782e+03,9.940153352957536992e-01,9.932521060878427566e-01
5.500000000000000722e-02,3.550000000000000000e+03,6.470000000000000000e+02,5.704948926160802330e+03,9.948653406907841390e-01,9.942700945761326903e-01
5.500000000000000722e-02,3.550000000000000000e+03,7.085000000000000000e+02,5.621294769226458811e+03,9.953209193927415877e-01,9.948527981291604982e-01
5.500000000000000722e-02,3.550000000000000000e+03,8.780000000000000000e+02,5.341205471483423025e+03,9.962258741314872212e-01,9.960312571298102213e-01
5.500000000000000722e-02,3.550000000000000000e+03,9.907000000000000455e+02,5.178501027514715133e+03,9.966433494640191126e-01,9.965670539191233690e-01
5.500000000000000722e-02,3.550000000000000000e+03,1.387000000000000000e+03,5.044023217737336381e+03,9.975272418924024942e-01,9.975323899568671049e-01
5.500000000000000722e-02,3.550000000000000000e+03,1.726000000000000000e+03,4.956251731457306050e+03,9.979290538042565606e-01,9.979662962396042003e-01
5.500000000000000722e-02,3.550000000000000000e+03,2.404000000000000000e+03,4.943861079814259938e+03,9.983565955157345240e-01,9.983898428850936924e-01
5.500000000000000722e-02,3.550000000000000000e+03,3.816000000000000000e+03,4.896377226467185210e+03,9.987161818537274582e-01,9.987515973628883215e-01
5.500000000000000722e-02,3.550000000000000000e+03,4.945000000000000000e+03,4.901300728483271087e+03,9.988431761172906764e-01,9.988717174664305531e-01
5.500000000000000722e-02,3.787500000000000000e+03,5.020000000000000000e+02,5.462011151526668982e+03,9.546908703968737253e-01,9.495985197514995590e-01
5.500000000000000722e-02,3.787500000000000000e+03,5.580000000000000000e+02,5.548176115151126396e+03,9.603539964594874911e-01,9.554901339925279125e-01
5.500000000000000722e-02,3.787500000000000000e+03,6.470000000000000000e+02,5.526744465552457768e+03,9.669265971446269203e-01,9.632122589677454272e-01
5.500000000000000722e-02,3.787500000000000000e+03,7.085000000000000000e+02,5.466308949538589331e+03,9.703117983692118864e-01,9.674235166705693612e-01
5.500000000000000722e-02,3.787500000000000000e+03,8.780000000000000000e+02,5.231539126714701524e+03,9.767546702338525400e-01,9.755806102060018414e-01
5.500000000000000722e-02,3.787500000000000000e+03,9.907000000000000455e+02,5.087977953850630911e+03,9.796020424990079523e-01,9.791465084072467073e-01
5.500000000000000722e-02,3.787500000000000000e+03,1.387000000000000000e+03,4.982703119475239873e+03,9.853753297427328972e-01,9.854054068857585058e-01
5.500000000000000722e-02,3.787500000000000000e+03,1.726000000000000000e+03,4.907270517456096968e+03,9.878880210062614964e-01,9.881036816327118943e-01
5.500000000000000722e-02,3.787500000000000000e+03,2.404000000000000000e+03,4.905678982470851224e+03,9.904882000827829325e-01,9.906791452032038814e-01
5.500000000000000722e-02,3.787500000000000000e+03,3.816000000000000000e+03,4.867308260118053113e+03,9.926197951338640024e-01,9.928221774607719485e-01
5.500000000000000722e-02,3.787500000000000000e+03,4.945000000000000000e+03,4.875061810645009245e+03,9.933613855008780469e-01,9.935242975920993702e-01
5.500000000000000722e-02,4.025000000000000000e+03,5.020000000000000000e+02,5.146379119281507883e+03,9.048050913502332371e-01,8.947242797891026278e-01
5.500000000000000722e-02,4.025000000000000000e+03,5.580000000000000000e+02,5.276766910559005737e+03,9.182835987340233208e-01,9.087488604856636121e-01
5.500000000000000722e-02,4.025000000000000000e+03,6.470000000000000000e+02,5.314667198812017887e+03,9.334393156766153110e-01,9.262510018577073678e-01
5.500000000000000722e-02,4.025000000000000000e+03,7.085000000000000000e+02,5.285779061381501378e+03,9.410217911868492546e-01,9.354734639243159622e-01
5.500000000000000722e-02,4.025000000000000000e+03,8.780000000000000000e+02,5.109242792252000072e+03,9.549946770770976201e-01,9.527747150934475773e-01
5.500000000000000722e-02,4.025000000000000000e+03,9.907000000000000455e+02,4.989063562563455889e+03,9.609658873106352583e-01,9.601111112930026392e-01
5.500000000000000722e-02,4.025000000000000000e+03,1.387000000000000000e+03,4.918553856872232245e+03,9.726634167969042677e-01,9.727189134903030387e-01
5.500000000000000722e-02,4.025000000000000000e+03,1.726000000000000000e+03,4.856954059689777750e+03,9.775770493581140697e-01,9.779722089558418041e-01
5.500000000000000722e-02,4.025000000000000000e+03,2.404000000000000000e+03,4.867131047284423403e+03,9.825469593956812631e-01,9.828945682636414105e-01
5.500000000000000722e-02,4.025000000000000000e+03,3.816000000000000000e+03,4.838288595638507104e+03,9.865357957182704363e-01,9.869028140389316528e-01
5.500000000000000722e-02,4.025000000000000000e+03,4.945000000000000000e+03,4.848943394775707020e+03,9.879062440450792071e-01,9.882014356903067176e-01
5.500000000000000722e-02,4.262500000000000000e+03,5.020000000000000000e+02,4.773080134987894780e+03,8.450434364073660110e-01,8.298243458497747138e-01
5.500000000000000722e-02,4.262500000000000000e+03,5.580000000000000000e+02,4.961606139586627251e+03,8.688604045713745894e-01,8.544728243549353230e-01
5.500000000000000722e-02,4.262500000000000000e+03,6.470000000000000000e+02,5.074281476388664487e+03,8.951657245174227118e-01,8.843560895522500909e-01
5.500000000000000722e-02,4.262500000000000000e+03,7.085000000000000000e+02,5.084012601505593921e+03,9.080820140463798928e-01,8.997649776383738196e-01
5.500000000000000722e-02,4.262500000000000000e+03,8.780000000000000000e+02,4.976650002282645801e+03,9.313472580988531035e-01,9.280487306720233143e-01
5.500000000000000722e-02,4.262500000000000000e+03,9.907000000000000455e+02,4.883406228169961651e+03,9.410418157209727852e-01,9.397780809620217557e-01
5.500000000000000722e-02,4.262500000000000000e+03,1.387000000000000000e+03,4.852270423503557140e+03,9.595293019566895065e-01,9.596103553317500978e-01
5.500000000000000722e-02,4.262500000000000000e+03,1.726000000000000000e+03,4.805689590070216582e+03,9.670757495195363429e-01,9.676498493084881858e-01
5.500000000000000722e-02,4.262500000000000000e+03,2.404000000000000000e+03,4.828382786864149239e+03,9.745670255648397617e-01,9.750695365711000706e-01
5.500000000000000722e-02,4.262500000000000000e+03,3.816000000000000000e+03,4.809368392789780955e+03,9.804746827931478670e-01,9.810037385683793021e-01
5.500000000000000722e-02,4.262500000000000000e+03,4.945000000000000000e+03,4.822971502383644292e+03,9.824831635573607613e-01,9.829084348734519194e-01
5.500000000000000722e-02,4.500000000000000000e+03,5.020000000000000000e+02,4.361146924551362645e+03,7.781190093753010961e-01,7.582076544855179678e-01
5.500000000000000722e-02,4.500000000000000000e+03,5.580000000000000000e+02,4.615599684468452324e+03,8.138802075247286716e-01,7.948846376605157582e-01
5.500000000000000722e-02,4.500000000000000000e+03,6.470000000000000000e+02,4.812986411008690993e+03,8.531766720654954117e-01,8.388170544565483056e-01
5.500000000000000722e-02,4.500000000000000000e+03,7.085000000000000000e+02,4.866298424601734041e+03,8.722944539001455944e-01,8.612340755994122299e-01
5.500000000000000722e-02,4.500000000000000000e+03,8.780000000000000000e+02,4.836220210890252019e+03,9.062390689686283807e-01,9.018612974407389515e-01
5.500000000000000722e-02,4.500000000000000000e+03,9.907000000000000455e+02,4.772635116850887243e+03,9.201339903548726440e-01,9.184609392872278288e-01
5.500000000000000722e-02,4.500000000000000000e+03,1.387000000000000000e+03,4.784462093168739557e+03,9.460937726854293794e-01,9.462002255805596063e-01
5.500000000000000722e-02,4.500000000000000000e+03,1.726000000000000000e+03,4.753801851950512173e+03,9.564508239166007453e-01,9.572019914035092558e-01
5.500000000000000722e-02,4.500000000000000000e+03,2.404000000000000000e+03,4.789567290550688995e+03,9.665758329453022490e-01,9.672309269013966704e-01
5.500000000000000722e-02,4.500000000000000000e+03,3.816000000000000000e+03,4.780586583158386020e+03,9.744445897280910041e-01,9.751328922232559426e-01
5.500000000000000722e-02,4.500000000000000000e+03,4.945000000000000000e+03,4.797165938503544567e+03,9.770962525928311715e-01,9.776493313535825624e-01
7.750000000000001332e-02,3.550000000000000000e+03,5.020000000000000000e+02,5.691754868468068707e+03,9.906068850937409520e-01,9.895406376779307678e-01
7.750000000000001332e-02,3.550000000000000000e+03,5.580000000000000000e+02,5.751751597833365850e+03,9.915876590694086001e-01,9.905492887829573379e-01
7.750000000000001332e-02,3.550000000000000000e+03,6.470000000000000000e+02,5.691751811526035453e+03,9.927799642376758937e-01,9.919700746134874070e-01
7.750000000000001332e-02,3.550000000000000000e+03,7.085000000000000000e+02,5.609604421695113160e+03,9.934193465384972832e-01,9.927838486379630956e-01
7.750000000000001332e-02,3.550000000000000000e+03,8.780000000000000000e+02,5.332606216528090954e+03,9.946901118069817471e-01,9.944276628158921216e-01
7.750000000000001332e-02,3.550000000000000000e+03,9.907000000000000455e+02,5.171274334115350030e+03,9.952766602178952926e-01,9.951763262718145153e-01
7.750000000000001332e-02,3.550000000000000000e+03,1.387000000000000000e+03,5.038954091562853137e+03,9.965191801678922046e-01,9.965298930750042805e-01
7.750000000000001332e-02,3.550000000000000000e+03,1.726000000000000000e+03,4.952141573347445956e+03,9.970843187228813909e-01,9.971386951636092011e-01
7.750000000000001332e-02,3.550000000000000000e+03,2.404000000000000000e+03,4.940613308625718673e+03,9.976858494888962703e-01,9.977339705387016089e-01
7.750000000000001332e-02,3.550000000000000000e+03,3.816000000000000000e+03,4.893895336187670182e+03,9.981919331148747521e-01,9.982453471769863196e-01
7.750000000000001332e-02,3.550000000000000000e+03,4.945000000000000000e+03,4.899038876481021362e+03,9.983707010428873874e-01,9.984107581988197477e-01
7.750000000000001332e-02,3.787500000000000000e+03,5.020000000000000000e+02,5.352879652554043787e+03,9.373171781453100149e-01,9.306254515889232914e-01
7.750000000000001332e-02,3.787500000000000000e+03,5.580000000000000000e+02,5.450084501880781318e+03,9.450267776077492243e-01,9.385970926106445011e-01
7.750000000000001332e-02,3.787500000000000000e+03,6.470000000000000000e+02,5.445678106473228581e+03,9.540186970405801770e-01,9.490838491341293537e-01
7.750000000000001332e-02,3.787500000000000000e+03,7.085000000000000000e+02,5.395149647589470078e+03,9.586686019705001893e-01,9.548297934158216371e-01
7.750000000000001332e-02,3.787500000000000000e+03,8.780000000000000000e+02,5.180141299274798257e+03,9.675537631151795992e-01,9.659959119666192695e-01
7.750000000000001332e-02,3.787500000000000000e+03,9.907000000000000455e+02,5.045149940440363025e+03,9.714952845111510804e-01,9.709045505660288677e-01
7.750000000000001332e-02,3.787500000000000000e+03,1.387000000000000000e+03,4.953231986500994026e+03,9.795150677472578282e-01,9.795770416222608912e-01
7.750000000000001332e-02,3.787500000000000000e+03,1.726000000000000000e+03,4.883560768278450269e+03,9.830172682547950735e-01,9.833296039922631016e-01
7.750000000000001332e-02,3.787500000000000000e+03,2.404000000000000000e+03,4.887082034518708497e+03,9.866489606500509213e-01,9.869235777136781129e-01
7.750000000000001332e-02,3.787500000000000000e+03,3.816000000000000000e+03,4.853157156956777726e+03,9.896319234504915574e-01,9.899356684699260889e-01
7.750000000000001332e-02,3.787500000000000000e+03,4.945000000000000000e+03,4.862177738526929716e+03,9.906709245340041825e-01,9.908985588428409486e-01
7.750000000000001332e-02,4.025000000000000000e+03,5.020000000000000000e+02,4.936176440804906633e+03,8.708897096595265008e-01,8.581794711478040183e-01
7.750000000000001332e-02,4.025000000000000000e+03,5.580000000000000000e+02,5.088989975417624009e+03,8.885789062725220067e-01,8.764104838380690765e-01
7.750000000000001332e-02,4.025000000000000000e+03,6.470000000000000000e+02,5.160657957556935798e+03,9.086960927679965661e-01,8.994099582567549600e-01
7.750000000000001332e-02,4.025000000000000000e+03,7.085000000000000000e+02,5.151202037579017087e+03,9.188522307947503132e-01,9.116561168200971732e-01
7.750000000000001332e-02,4.025000000000000000e+03,8.780000000000000000e+02,5.013049469759778731e+03,9.377298804963818402e-01,9.348365255890451753e-01
7.750000000000001332e-02,4.025000000000000000e+03,9.907000000000000455e+02,4.909346607251285604e+03,9.458618910920369993e-01,9.447701292441917920e-01
7.750000000000001332e-02,4.025000000000000000e+03,1.387000000000000000e+03,4.864452051079548255e+03,9.619062768543008568e-01,9.620194576583832591e-01
7.750000000000001332e-02,4.025000000000000000e+03,1.726000000000000000e+03,4.813680166926182210e+03,9.686912203224472551e-01,9.692587922802813338e-01
7.750000000000001332e-02,4.025000000000000000e+03,2.404000000000000000e+03,4.833377373513969360e+03,9.755814248508327680e-01,9.760781702078642486e-01
7.750000000000001332e-02,4.025000000000000000e+03,3.816000000000000000e+03,4.812682789347988546e+03,9.811316406486045860e-01,9.816798014417441598e-01
7.750000000000001332e-02,4.025000000000000000e+03,4.945000000000000000e+03,4.825645322041327745e+03,9.830426937775194052e-01,9.834533520253713190e-01
7.750000000000001332e-02,4.262500000000000000e+03,5.020000000000000000e+02,4.465679785610854196e+03,7.946683590001758501e-01,7.763812259729612197e-01
7.750000000000001332e-02,4.262500000000000000e+03,5.580000000000000000e+02,4.685862204827139976e+03,8.246211174133996069e-01,8.069850367103658106e-01
7.750000000000001332e-02,4.262500000000000000e+03,6.470000000000000000e+02,4.847440834959804306e+03,8.583537237608688253e-01,8.448218414938781784e-01
7.750000000000001332e-02,4.262500000000000000e+03,7.085000000000000000e+02,4.885735120202627513e+03,8.751730461435749397e-01,8.646739683285378231e-01
7.750000000000001332e-02,4.262500000000000000e+03,8.780000000000000000e+02,4.835289117305463151e+03,9.059047311333205954e-01,9.016876665406146074e-01
7.750000000000001332e-02,4.262500000000000000e+03,9.907000000000000455e+02,4.766554740322948419e+03,9.188791335583200715e-01,9.172908124704189925e-01
7.750000000000001332e-02,4.262500000000000000e+03,1.387000000000000000e+03,4.773667558650940009e+03,9.439018787182764658e-01,9.440654420256093804e-01
7.750000000000001332e-02,4.262500000000000000e+03,1.726000000000000000e+03,4.743069515168896032e+03,9.542233047962335180e-01,9.550409812352875782e-01
7.750000000000001332e-02,4.262500000000000000e+03,2.404000000000000000e+03,4.779734180875627317e+03,9.645316537455433936e-01,9.652451759538952514e-01
7.750000000000001332e-02,4.262500000000000000e+03,3.816000000000000000e+03,4.772539312248191891e+03,9.727050747838374978e-01,9.734914286872106137e-01
7.750000000000001332e-02,4.262500000000000000e+03,4.945000000000000000e+03,4.789474562081563818e+03,9.754928030601072164e-01,9.760818498212501249e-01
7.750000000000001332e-02,4.500000000000000000e+03,5.020000000000000000e+02,3.972605492556069294e+03,7.133670423598328370e-01,6.906577432075572398e-01
7.750000000000001332e-02,4.500000000000000000e+03,5.580000000000000000e+02,4.262096130875248491e+03,7.562959017707625575e-01,7.340053233094058216e-01
7.750000000000001332e-02,4.500000000000000000e+03,6.470000000000000000e+02,4.518287500233864193e+03,8.048349917328065928e-01,7.874563292896791245e-01
7.750000000000001332e-02,4.500000000000000000e+03,7.085000000000000000e+02,4.607437628878275063e+03,8.289856111014333173e-01,8.154210738758141952e-01
7.750000000000001332e-02,4.500000000000000000e+03,8.780000000000000000e+02,4.650767457565541008e+03,8.727627318430033476e-01,8.672779547817839330e-01
7.750000000000001332e-02,4.500000000000000000e+03,9.907000000000000455e+02,4.619308435189095690e+03,8.910221075318084383e-01,8.889542695735367372e-01
7.750000000000001332e-02,4.500000000000000000e+03,1.387000000000000000e+03,4.681777011911302907e+03,9.256801668022437424e-01,9.258926873124080359e-01
7.750000000000001332e-02,4.500000000000000000e+03,1.726000000000000000e+03,4.672195797439271701e+03,9.397093640502287570e-01,9.407702005292867264e-01
7.750000000000001332e-02,4.500000000000000000e+03,2.404000000000000000e+03,4.726337004487657396e+03,9.535376145500777945e-01,9.544618635420311081e-01
7.750000000000001332e-02,4.500000000000000000e+03,3.816000000000000000e+03,4.732777045181602261e+03,9.643626736380176423e-01,9.653808142654171087e-01
7.750000000000001332e-02,4.500000000000000000e+03,4.945000000000000000e+03,4.753689221720147543e+03,9.680261238465991402e-01,9.687888950798277943e-01
1.000000000000000056e-01,3.550000000000000000e+03,5.020000000000000000e+02,5.674780169805160767e+03,9.879128138935985293e-01,9.865894996673428841e-01
1.000000000000000056e-01,3.550000000000000000e+03,5.580000000000000000e+02,5.736255172685278012e+03,9.891718121434687205e-01,9.878805412461375557e-01
1.000000000000000056e-01,3.550000000000000000e+03,6.470000000000000000e+02,5.678704783106059040e+03,9.907033119770002338e-01,9.896962119814168846e-01
1.000000000000000056e-01,3.550000000000000000e+03,7.085000000000000000e+02,5.598037505502251406e+03,9.915250257856610405e-01,9.907367439383144569e-01
1.000000000000000056e-01,3.550000000000000000e+03,8.780000000000000000e+02,5.324071485331760414e+03,9.931590771966540832e-01,9.928361009319444097e-01
1.000000000000000056e-01,3.550000000000000000e+03,9.907000000000000455e+02,5.164090792902476096e+03,9.939137140994414032e-01,9.937939029672359093e-01
1.000000000000000056e-01,3.550000000000000000e+03,1.387000000000000000e+03,5.033906694807854365e+03,9.955131538014441173e-01,9.955316935166895753e-01
1.000000000000000056e-01,3.550000000000000000e+03,1.726000000000000000e+03,4.948044951527008379e+03,9.962410125483631695e-01,9.963138196877958652e-01
1.000000000000000056e-01,3.550000000000000000e+03,2.404000000000000000e+03,4.937375580312374950e+03,9.970160041385733862e-01,9.970801263044325458e-01
1.000000000000000056e-01,3.550000000000000000e+03,3.816000000000000000e+03,4.891420893388453806e+03,9.976682344673349911e-01,9.977406161107316152e-01
1.000000000000000056e-01,3.550000000000000000e+03,4.945000000000000000e+03,4.896779145108775992e+03,9.978986727396231826e-01,9.979502311098186196e-01
1.000000000000000056e-01,3.787500000000000000e+03,5.020000000000000000e+02,5.248743073441697561e+03,9.205645252651017962e-01,9.125207757408285714e-01
1.000000000000000056e-01,3.787500000000000000e+03,5.580000000000000000e+02,5.356074489214379355e+03,9.301811169412919078e-01,9.224069721575534064e-01
1.000000000000000056e-01,3.787500000000000000e+03,6.470000000000000000e+02,5.367483448394105835e+03,9.414508827072707309e-01,9.354559251877535564e-01
1.000000000000000056e-01,3.787500000000000000e+03,7.085000000000000000e+02,5.326260528176640946e+03,9.473015160312319161e-01,9.426378454710712118e-01
1.000000000000000056e-01,3.787500000000000000e+03,8.780000000000000000e+02,5.129958650844312615e+03,9.585245811609076627e-01,9.566378210507799906e-01
1.000000000000000056e-01,3.787500000000000000e+03,9.907000000000000455e+02,5.003170450066707417e+03,9.635216012211023084e-01,9.628258851714642796e-01
1.000000000000000056e-01,3.787500000000000000e+03,1.387000000000000000e+03,4.924173604144210913e+03,9.737240984021714452e-01,9.738303040777724906e-01
1.000000000000000056e-01,3.787500000000000000e+03,1.726000000000000000e+03,4.860117358471138687e+03,9.781943100592531692e-01,9.786091551280261536e-01
1.000000000000000056e-01,3.787500000000000000e+03,2.404000000000000000e+03,4.868658331553477183e+03,9.828393689145185075e-01,9.832029962467105921e-01
1.000000000000000056e-01,3.787500000000000000e+03,3.816000000000000000e+03,4.839116023829026744e+03,9.866619852915259337e-01,9.870715909098225493e-01
1.000000000000000056e-01,3.787500000000000000e+03,4.945000000000000000e+03,4.849361780723593256e+03,9.879949981121740610e-01,9.882867016051077869e-01
1.000000000000000056e-01,4.025000000000000000e+03,5.020000000000000000e+02,4.743773856460409661e+03,8.394250108893706042e-01,8.247292997326779451e-01
1.000000000000000056e-01,4.025000000000000000e+03,5.580000000000000000e+02,4.915340371741794115e+03,8.607357742594509142e-01,8.465050735482140265e-01
1.000000000000000056e-01,4.025000000000000000e+03,6.470000000000000000e+02,5.016284307032603465e+03,8.852307622342681093e-01,8.742482249933986038e-01
1.000000000000000056e-01,4.025000000000000000e+03,7.085000000000000000e+02,5.024111874417758372e+03,8.977032140509579872e-01,8.891637890510859510e-01
1.000000000000000056e-01,4.025000000000000000e+03,8.780000000000000000e+02,4.920803200699652734e+03,9.210782395784277155e-01,9.176343850183372730e-01
1.000000000000000056e-01,4.025000000000000000e+03,9.907000000000000455e+02,4.832380077579911813e+03,9.312253423495282512e-01,9.299584477716110742e-01
1.000000000000000056e-01,4.025000000000000000e+03,1.387000000000000000e+03,4.811647134803753943e+03,9.513844707349573548e-01,9.515764814744445133e-01
1.000000000000000056e-01,4.025000000000000000e+03,1.726000000000000000e+03,4.771239688936668244e+03,9.599654742648238148e-01,9.607131878750385656e-01
1.000000000000000056e-01,4.025000000000000000e+03,2.404000000000000000e+03,4.800147577642799661e+03,9.687139561147387612e-01,9.693675668670099776e-01
1.000000000000000056e-01,4.025000000000000000e+03,3.816000000000000000e+03,4.787396751500416940e+03,9.757863699740955132e-01,9.765220144651345358e-01
1.000000000000000056e-01,4.025000000000000000e+03,4.945000000000000000e+03,4.802570408313000371e+03,9.782267962917836623e-01,9.787507475570802473e-01
1.000000000000000056e-01,4.262500000000000000e+03,5.020000000000000000e+02,4.197255682167888153e+03,7.499613538622753595e-01,7.297143254076229324e-01
1.000000000000000056e-01,4.262500000000000000e+03,5.580000000000000000e+02,4.440845759068778534e+03,7.846685791087488759e-01,7.647890444186443704e-01
1.000000000000000056e-01,4.262500000000000000e+03,6.470000000000000000e+02,4.641364974925731985e+03,8.244497826348219371e-01,8.089065217429227683e-01
1.000000000000000056e-01,4.262500000000000000e+03,7.085000000000000000e+02,4.703481187277258869e+03,8.445659072470043105e-01,8.324187953506940740e-01
1.000000000000000056e-01,4.262500000000000000e+03,8.780000000000000000e+02,4.702296779232950939e+03,8.818153168127946806e-01,8.768871741449892898e-01
1.000000000000000056e-01,4.262500000000000000e+03,9.907000000000000455e+02,4.655512542572792881e+03,8.977363479632644028e-01,8.959215020687011366e-01
1.000000000000000056e-01,4.262500000000000000e+03,1.387000000000000000e+03,4.697741862080828469e+03,9.287753315970305179e-01,9.290499795090236823e-01
1.000000000000000056e-01,4.262500000000000000e+03,1.726000000000000000e+03,4.682159163989729677e+03,9.417079977047205785e-01,9.427763746611067530e-01
1.000000000000000056e-01,4.262500000000000000e+03,2.404000000000000000e+03,4.732140270142237569e+03,9.547008491461097535e-01,9.556338061576424847e-01
1.000000000000000056e-01,4.262500000000000000e+03,3.816000000000000000e+03,4.736341649367869650e+03,9.650576365845231486e-01,9.661079139067103583e-01
1.000000000000000056e-01,4.262500000000000000e+03,4.945000000000000000e+03,4.756440198296351809e+03,9.686012125424308117e-01,9.693495366012537806e-01
1.000000000000000056e-01,4.500000000000000000e+03,5.020000000000000000e+02,3.649721305946873599e+03,6.585639698959986355e-01,6.345226791900553387e-01
1.000000000000000056e-01,4.500000000000000000e+03,5.580000000000000000e+02,3.960928356134818387e+03,7.063216643985616994e-01,6.821391187282042079e-01
1.000000000000000056e-01,4.500000000000000000e+03,6.470000000000000000e+02,4.259267162497581921e+03,7.616777162459456019e-01,7.423137383512696807e-01
1.000000000000000056e-01,4.500000000000000000e+03,7.085000000000000000e+02,4.376150980391235862e+03,7.897738611623167371e-01,7.744881253535452759e-01
1.000000000000000056e-01,4.500000000000000000e+03,8.780000000000000000e+02,4.479725351532404602e+03,8.416715107643872873e-01,8.353819184274663412e-01
1.000000000000000056e-01,4.500000000000000000e+03,9.907000000000000455e+02,4.475972185493559664e+03,8.636958563252747911e-01,8.613701900648278453e-01
1.000000000000000056e-01,4.500000000000000000e+03,1.387000000000000000e+03,4.583627132075495865e+03,9.061288726083308598e-01,9.064820541768786599e-01
1.000000000000000056e-01,4.500000000000000000e+03,1.726000000000000000e+03,4.593471392842496243e+03,9.235438982255846918e-01,9.249186444066497259e-01
1.000000000000000056e-01,4.500000000000000000e+03,2.404000000000000000e+03,4.664862813975601057e+03,9.408464616929372859e-01,9.420474355441622594e-01
1.000000000000000056e-01,4.500000000000000000e+03,3.816000000000000000e+03,4.686006661010377684e+03,9.544872426581909597e-01,9.558407004752077496e-01
1.000000000000000056e-01,4.500000000000000000e+03,4.945000000000000000e+03,4.710994122829270964e+03,9.591228376069254047e-01,9.600877504002753859e-01
