f_spot,tempSpot,wavelength,D_lambda,epsilon_Rackham,epsilon_ourWork
0.000000000000000000e+00,nan,4.180000000000000000e+02,3.142752512342972295e+03,nan,nan
0.000000000000000000e+00,nan,5.302999999999999545e+02,3.125909897430223737e+03,nan,nan
0.000000000000000000e+00,nan,7.320000000000000000e+02,3.011709216225066939e+03,nan,nan
0.000000000000000000e+00,nan,8.640000000000000000e+02,2.980689064883246374e+03,nan,nan
0.000000000000000000e+00,nan,1.128000000000000000e+03,2.905102423777061631e+03,nan,nan
0.000000000000000000e+00,nan,1.325000000000000000e+03,2.893772705660157953e+03,nan,nan
0.000000000000000000e+00,nan,1.919000000000000000e+03,2.891527956479622389e+03,nan,nan
0.000000000000000000e+00,nan,2.578000000000000000e+03,2.881783371913249084e+03,nan,nan
1.500000000000000222e-01,3.200000000000000000e+03,4.180000000000000000e+02,3.530177956003410600e+03,1.099346669257672549e+00,1.123275836114631332e+00
1.500000000000000222e-01,3.200000000000000000e+03,5.302999999999999545e+02,3.447032273725114464e+03,1.084032844527708761e+00,1.102729249028860936e+00
1.500000000000000222e-01,3.200000000000000000e+03,7.320000000000000000e+02,3.237951852111064909e+03,1.065590141253005774e+00,1.075121009248553694e+00
1.500000000000000222e-01,3.200000000000000000e+03,8.640000000000000000e+02,3.172452861526120614e+03,1.057412804746719059e+00,1.064335391068502945e+00
1.500000000000000222e-01,3.200000000000000000e+03,1.128000000000000000e+03,3.049716567081750327e+03,1.046297569382312886e+00,1.049779361347497275e+00
1.500000000000000222e-01,3.200000000000000000e+03,1.325000000000000000e+03,3.019803862930215018e+03,1.040785133108293348e+00,1.043552541989059002e+00
1.500000000000000222e-01,3.200000000000000000e+03,1.919000000000000000e+03,2.987427483171267795e+03,1.031141595025132807e+00,1.033165692372693290e+00
1.500000000000000222e-01,3.200000000000000000e+03,2.578000000000000000e+03,2.960897449457710991e+03,1.025901010794182389e+00,1.027453166089974834e+00
1.500000000000000222e-01,3.210172413793103260e+03,4.180000000000000000e+02,3.520244178317755086e+03,1.096852274744256839e+00,1.120114983439582712e+00
1.500000000000000222e-01,3.210172413793103260e+03,5.302999999999999545e+02,3.438033283803099039e+03,1.081716771767499141e+00,1.099850410477112073e+00
1.500000000000000222e-01,3.210172413793103260e+03,7.320000000000000000e+02,3.231078501085282824e+03,1.063614616562849502e+00,1.072838799867663617e+00
1.500000000000000222e-01,3.210172413793103260e+03,8.640000000000000000e+02,3.166446102792708189e+03,1.055625753999804406e+00,1.062320166198461813e+00
1.500000000000000222e-01,3.210172413793103260e+03,1.128000000000000000e+03,3.045021519694324070e+03,1.044799295012190488e+00,1.048163223014817902e+00
1.500000000000000222e-01,3.210172413793103260e+03,1.325000000000000000e+03,3.015645755362505952e+03,1.039442972599186055e+00,1.042115626242505755e+00
1.500000000000000222e-01,3.210172413793103260e+03,1.919000000000000000e+03,2.984187246453551325e+03,1.030091379990339062e+00,1.032045095661720646e+00
1.500000000000000222e-01,3.210172413793103260e+03,2.578000000000000000e+03,2.958198434962366719e+03,1.025018674835340482e+00,1.026516588232787575e+00
1.500000000000000222e-01,3.220344827586206975e+03,4.180000000000000000e+02,3.510089939431582025e+03,1.094299702457977475e+00,1.116883981683544524e+00
1.500000000000000222e-01,3.220344827586206975e+03,5.302999999999999545e+02,3.428896526229130359e+03,1.079362987835528864e+00,1.096927499109295656e+00
1.500000000000000222e-01,3.220344827586206975e+03,7.320000000000000000e+02,3.224143805395374329e+03,1.061620381367066823e+00,1.070536221765983509e+00
1.500000000000000222e-01,3.220344827586206975e+03,8.640000000000000000e+02,3.160400256282614009e+03,1.053826338788542705e+00,1.060291827657108277e+00
1.500000000000000222e-01,3.220344827586206975e+03,1.128000000000000000e+03,3.040309295160748206e+03,1.043295214577282914e+00,1.046541171931520964e+00
1.500000000000000222e-01,3.220344827586206975e+03,1.325000000000000000e+03,3.011477747452584481e+03,1.038097380782831536e+00,1.040675289238231382e+00
1.500000000000000222e-01,3.220344827586206975e+03,1.919000000000000000e+03,2.980945456554029533e+03,1.029040522451956541e+00,1.030923961801590627e+00
1.500000000000000222e-01,3.220344827586206975e+03,2.578000000000000000e+03,2.955500235173436067e+03,1.024136514233672468e+00,1.025580293084710881e+00
1.500000000000000222e-01,3.230517241379310235e+03,4.180000000000000000e+02,3.499713842894380832e+03,1.091688410119982411e+00,1.113582386506562161e+00
1.500000000000000222e-01,3.230517241379310235e+03,5.302999999999999545e+02,3.419622146786704889e+03,1.076971424307590297e+00,1.093960561562551392e+00
1.500000000000000222e-01,3.230517241379310235e+03,7.320000000000000000e+02,3.217148255848734152e+03,1.059607547232300773e+00,1.068213437909908414e+00
1.500000000000000222e-01,3.230517241379310235e+03,8.640000000000000000e+02,3.154315759522185999e+03,1.052014674652592241e+00,1.058250522231422464e+00
1.500000000000000222e-01,3.230517241379310235e+03,1.128000000000000000e+03,3.035580172599638900e+03,1.041785413530527782e+00,1.044913304176359192e+00
1.500000000000000222e-01,3.230517241379310235e+03,1.325000000000000000e+03,3.007300043100347011e+03,1.036748421663030051e+00,1.039231601437850427e+00
1.500000000000000222e-01,3.230517241379310235e+03,1.919000000000000000e+03,2.977702201183429679e+03,1.027989050472252863e+00,1.029802321125998343e+00
1.500000000000000222e-01,3.230517241379310235e+03,2.578000000000000000e+03,2.952802890228367687e+03,1.023254542248195564e+00,1.024644294573733960e+00
1.500000000000000222e-01,3.240689655172413950e+03,4.180000000000000000e+02,3.489114613240418294e+03,1.089017879714366144e+00,1.110209792065117940e+00
1.500000000000000222e-01,3.240689655172413950e+03,5.302999999999999545e+02,3.410210353155252051e+03,1.074542026960603192e+00,1.090949664274951880e+00
1.500000000000000222e-01,3.240689655172413950e+03,7.320000000000000000e+02,3.210092358129301829e+03,1.057576230047296617e+00,1.065870616205402577e+00
1.500000000000000222e-01,3.240689655172413950e+03,8.640000000000000000e+02,3.148193055793502481e+03,1.050190878936568817e+00,1.056196398639392298e+00
1.500000000000000222e-01,3.240689655172413950e+03,1.128000000000000000e+03,3.030834430938433798e+03,1.040269977378575739e+00,1.043279715762276627e+00
1.500000000000000222e-01,3.240689655172413950e+03,1.325000000000000000e+03,3.003112844806144039e+03,1.035396158978720393e+00,1.037784632819336084e+00
1.500000000000000222e-01,3.240689655172413950e+03,1.919000000000000000e+03,2.974457565969035386e+03,1.026936991819876521e+00,1.028680203248104830e+00
1.500000000000000222e-01,3.240689655172413950e+03,2.578000000000000000e+03,2.950106438983635144e+03,1.022372771959473292e+00,1.023708606183338921e+00
1.500000000000000222e-01,3.250862068965517210e+03,4.180000000000000000e+02,3.478291100753483533e+03,1.086287618547430833e+00,1.106765832528238791e+00
1.500000000000000222e-01,3.250862068965517210e+03,5.302999999999999545e+02,3.400661414915462501e+03,1.072074755950914282e+00,1.087894893487207915e+00
1.500000000000000222e-01,3.250862068965517210e+03,7.320000000000000000e+02,3.202976632536102898e+03,1.055526549970502215e+00,1.063507929411184660e+00
1.500000000000000222e-01,3.250862068965517210e+03,8.640000000000000000e+02,3.142032593962840110e+03,1.048355070743665074e+00,1.054129607472463315e+00
1.500000000000000222e-01,3.250862068965517210e+03,1.128000000000000000e+03,3.026072349217035026e+03,1.038748991663357879e+00,1.041640502740930785e+00
1.500000000000000222e-01,3.250862068965517210e+03,1.325000000000000000e+03,2.998916354710279393e+03,1.034040656196674179e+00,1.036334453236241737e+00
1.500000000000000222e-01,3.250862068965517210e+03,1.919000000000000000e+03,2.971211637049942055e+03,1.025884373971559294e+00,1.027557637958075532e+00
1.500000000000000222e-01,3.250862068965517210e+03,2.578000000000000000e+03,2.947410922341520291e+03,1.021491216271637859e+00,1.022773242106918001e+00
1.500000000000000222e-01,3.261034482758620470e+03,4.180000000000000000e+02,3.467242284503790870e+03,1.083497160297009598e+00,1.103250183043814170e+00
1.500000000000000222e-01,3.261034482758620470e+03,5.302999999999999545e+02,3.390975664214312928e+03,1.069569585981132942e+00,1.084796355455413641e+00
1.500000000000000222e-01,3.261034482758620470e+03,7.320000000000000000e+02,3.195801614104709643e+03,1.053458631375606469e+00,1.061125555179057933e+00
1.500000000000000222e-01,3.261034482758620470e+03,8.640000000000000000e+02,3.135834828083439334e+03,1.046507370888980049e+00,1.052050301062271265e+00
1.500000000000000222e-01,3.261034482758620470e+03,1.128000000000000000e+03,3.021294206397406924e+03,1.037222541943951137e+00,1.039995761137150865e+00
1.500000000000000222e-01,3.261034482758620470e+03,1.325000000000000000e+03,2.994710772915798316e+03,1.032681976504404853e+00,1.034881131838104595e+00
1.500000000000000222e-01,3.261034482758620470e+03,1.919000000000000000e+03,2.967964497931130154e+03,1.024831224113837758e+00,1.026434654135098823e+00
1.500000000000000222e-01,3.261034482758620470e+03,2.578000000000000000e+03,2.944716378730727229e+03,1.020609887914395886e+00,1.021838215679513828e+00
1.500000000000000222e-01,3.271206896551724185e+03,4.180000000000000000e+02,3.455967276810967178e+03,1.080646066049523180e+00,1.099662561158685881e+00
1.500000000000000222e-01,3.271206896551724185e+03,5.302999999999999545e+02,3.381153495538025254e+03,1.067026506455158064e+00,1.081654176378415322e+00
1.500000000000000222e-01,3.271206896551724185e+03,7.320000000000000000e+02,3.188567851651891033e+03,1.051372602795062505e+00,1.058723675736697567e+00
1.500000000000000222e-01,3.271206896551724185e+03,8.640000000000000000e+02,3.129600217489536590e+03,1.044647901852598926e+00,1.049958633512188655e+00
1.500000000000000222e-01,3.271206896551724185e+03,1.128000000000000000e+03,3.016500280882960851e+03,1.035690713778737893e+00,1.038345586783499863e+00
1.500000000000000222e-01,3.271206896551724185e+03,1.325000000000000000e+03,2.990496299443479074e+03,1.031320182803288299e+00,1.033424737746033717e+00
1.500000000000000222e-01,3.271206896551724185e+03,1.919000000000000000e+03,2.964716232946473610e+03,1.023777569144793453e+00,1.025311280945025549e+00
1.500000000000000222e-01,3.271206896551724185e+03,2.578000000000000000e+03,2.942022844979685942e+03,1.019728799445013934e+00,1.020903539680861893e+00
1.500000000000000222e-01,3.281379310344827445e+03,4.180000000000000000e+02,3.444465326664647364e+03,1.077733925322382103e+00,1.096002727907054775e+00
1.500000000000000222e-01,3.281379310344827445e+03,5.302999999999999545e+02,3.371195366434487369e+03,1.064445521621076196e+00,1.078468502628917802e+00
1.500000000000000222e-01,3.281379310344827445e+03,7.320000000000000000e+02,3.181275908340386195e+03,1.049268596861653302e+00,1.056302478075176632e+00
1.500000000000000222e-01,3.281379310344827445e+03,8.640000000000000000e+02,3.123329226399573599e+03,1.042776787732446753e+00,1.047854760564203458e+00
1.500000000000000222e-01,3.281379310344827445e+03,1.128000000000000000e+03,3.011690851147052854e+03,1.034153592707861335e+00,1.036690075536617517e+00
1.500000000000000222e-01,3.281379310344827445e+03,1.325000000000000000e+03,2.986273132949413139e+03,1.029955337701890850e+00,1.031965339609543841e+00
1.500000000000000222e-01,3.281379310344827445e+03,1.919000000000000000e+03,2.961466924465971715e+03,1.022723435675811920e+00,1.024187546874524735e+00
1.500000000000000222e-01,3.281379310344827445e+03,2.578000000000000000e+03,2.939330359658876205e+03,1.018847963250284483e+00,1.019969227495202357e+00
1.500000000000000222e-01,3.291551724137931160e+03,4.180000000000000000e+02,3.432735823355903449e+03,1.074760357069314498e+00,1.092270488965974673e+00
1.500000000000000222e-01,3.291551724137931160e+03,5.302999999999999545e+02,3.361101797347054799e+03,1.061826650701615637e+00,1.075239500700317707e+00
1.500000000000000222e-01,3.291551724137931160e+03,7.320000000000000000e+02,3.173926360708345783e+03,1.047146750248147740e+00,1.053862153626705433e+00
1.500000000000000222e-01,3.291551724137931160e+03,8.640000000000000000e+02,3.117022323896656417e+03,1.040894154196945864e+00,1.045738839592364577e+00
1.500000000000000222e-01,3.291551724137931160e+03,1.128000000000000000e+03,3.006866195443436027e+03,1.032611264235980375e+00,1.035029323177551364e+00
1.500000000000000222e-01,3.291551724137931160e+03,1.325000000000000000e+03,2.982041470629525975e+03,1.028587503509506451e+00,1.030503005573560227e+00
1.500000000000000222e-01,3.291551724137931160e+03,1.919000000000000000e+03,2.958216653970780044e+03,1.021668850033356613e+00,1.023063480102869072e+00
1.500000000000000222e-01,3.291551724137931160e+03,2.578000000000000000e+03,2.936638959225357212e+03,1.017967391548472822e+00,1.019035291773402463e+00
1.500000000000000222e-01,3.301724137931034420e+03,4.180000000000000000e+02,3.420778298902304869e+03,1.071725010666167544e+00,1.088465695426987345e+00
1.500000000000000222e-01,3.301724137931034420e+03,5.302999999999999545e+02,3.350873371853246681e+03,1.059169928011868933e+00,1.071967357283062805e+00
1.500000000000000222e-01,3.301724137931034420e+03,7.320000000000000000e+02,3.166519799305711331e+03,1.045007203605104129e+00,1.051402898475931602e+00
1.500000000000000222e-01,3.301724137931034420e+03,8.640000000000000000e+02,3.110679983877595532e+03,1.039000128437505444e+00,1.043611029585684413e+00
1.500000000000000222e-01,3.301724137931034420e+03,1.128000000000000000e+03,3.002026591330309202e+03,1.031063813815321861e+00,1.033363425247923573e+00
1.500000000000000222e-01,3.301724137931034420e+03,1.325000000000000000e+03,2.977801509237765003e+03,1.027216742229895008e+00,1.029037803630274306e+00
1.500000000000000222e-01,3.301724137931034420e+03,1.919000000000000000e+03,2.954965502219408791e+03,1.020613838260761019e+00,1.021939108559413834e+00
1.500000000000000222e-01,3.301724137931034420e+03,2.578000000000000000e+03,2.933948681621001469e+03,1.017087096391244394e+00,1.018101745681570414e+00
1.500000000000000222e-01,3.311896551724138135e+03,4.180000000000000000e+02,3.408592432420864952e+03,1.068627566874710277e+00,1.084588245187561695e+00
1.500000000000000222e-01,3.311896551724138135e+03,5.302999999999999545e+02,3.340510736810520029e+03,1.056475403064004226e+00,1.068652279311286923e+00
1.500000000000000222e-01,3.311896551724138135e+03,7.320000000000000000e+02,3.159056827009343124e+03,1.042850101496877180e+00,1.048924912800500930e+00
1.500000000000000222e-01,3.311896551724138135e+03,8.640000000000000000e+02,3.104302684226789552e+03,1.037094839120873413e+00,1.041471490870982564e+00
1.500000000000000222e-01,3.311896551724138135e+03,1.128000000000000000e+03,2.997172315994500877e+03,1.029511326829034346e+00,1.031692477161522792e+00
1.500000000000000222e-01,3.311896551724138135e+03,1.325000000000000000e+03,2.973553444411747478e+03,1.025843115555222118e+00,1.027569801386107429e+00
1.500000000000000222e-01,3.311896551724138135e+03,1.919000000000000000e+03,2.951713549068202155e+03,1.019558426120032113e+00,1.020814459861510315e+00
1.500000000000000222e-01,3.311896551724138135e+03,2.578000000000000000e+03,2.931259560712606799e+03,1.016207089665573715e+00,1.017168600971734449e+00
1.500000000000000222e-01,3.322068965517241395e+03,4.180000000000000000e+02,3.396178053010623444e+03,1.065467738781941121e+00,1.080638083868308952e+00
1.500000000000000222e-01,3.322068965517241395e+03,5.302999999999999545e+02,3.330014601690245399e+03,1.053743140658711885e+00,1.065294493749744387e+00
1.500000000000000222e-01,3.322068965517241395e+03,7.320000000000000000e+02,3.151538059824598804e+03,1.040675592335884359e+00,1.046428401137210695e+00
1.500000000000000222e-01,3.322068965517241395e+03,8.640000000000000000e+02,3.097890907460598555e+03,1.035178416341376417e+00,1.039320385329069119e+00
1.500000000000000222e-01,3.322068965517241395e+03,1.128000000000000000e+03,2.992303646254357318e+03,1.027953888574838937e+00,1.030016574205298241e+00
1.500000000000000222e-01,3.322068965517241395e+03,1.325000000000000000e+03,2.969297470251208779e+03,1.024466684860198207e+00,1.026099065916036279e+00
1.500000000000000222e-01,3.322068965517241395e+03,1.919000000000000000e+03,2.948460873263725261e+03,1.018502639093671336e+00,1.019689561242706377e+00
1.500000000000000222e-01,3.322068965517241395e+03,2.578000000000000000e+03,2.928571634147170244e+03,1.015327383095632863e+00,1.016235870707678401e+00
1.500000000000000222e-01,3.332241379310344655e+03,4.180000000000000000e+02,3.383535141540216955e+03,1.062245272712402544e+00,1.076615205381774576e+00
1.500000000000000222e-01,3.332241379310344655e+03,5.302999999999999545e+02,3.319385739855573775e+03,1.050973220963144383e+00,1.061894248002607011e+00
1.500000000000000222e-01,3.332241379310344655e+03,7.320000000000000000e+02,3.143964126519627371e+03,1.038483828315188928e+00,1.043913572260582123e+00
1.500000000000000222e-01,3.332241379310344655e+03,8.640000000000000000e+02,3.091445140104065558e+03,1.033250991573076316e+00,1.037157876185638816e+00
1.500000000000000222e-01,3.332241379310344655e+03,1.128000000000000000e+03,2.987420858365119784e+03,1.026391584248983246e+00,1.028335811472365302e+00
1.500000000000000222e-01,3.332241379310344655e+03,1.325000000000000000e+03,2.965033780029768877e+03,1.023087511196411725e+00,1.024625664009556125e+00
1.500000000000000222e-01,3.332241379310344655e+03,1.919000000000000000e+03,2.945207552930151451e+03,1.017446502386505136e+00,1.018564439721303172e+00
1.500000000000000222e-01,3.332241379310344655e+03,2.578000000000000000e+03,2.925884935453204434e+03,1.014447988244662646e+00,1.015303566524043077e+00
1.500000000000000222e-01,3.342413793103448370e+03,4.180000000000000000e+02,3.370663834338482957e+03,1.058959949111001775e+00,1.072519653106760007e+00
1.500000000000000222e-01,3.342413793103448370e+03,5.302999999999999545e+02,3.308624986276265190e+03,1.048165739575136257e+00,1.058451809182423764e+00
1.500000000000000222e-01,3.342413793103448370e+03,7.320000000000000000e+02,3.136335667709988684e+03,1.036274965339464504e+00,1.041380638878919074e+00
1.500000000000000222e-01,3.342413793103448370e+03,8.640000000000000000e+02,3.084965872435230267e+03,1.031312697621871166e+00,1.034984127925489661e+00
1.500000000000000222e-01,3.342413793103448370e+03,1.128000000000000000e+03,2.982524228047900124e+03,1.024824498930493988e+00,1.026650283871980873e+00
1.500000000000000222e-01,3.342413793103448370e+03,1.325000000000000000e+03,2.960762565485719279e+03,1.021705655286857084e+00,1.023149661925599974e+00
1.500000000000000222e-01,3.342413793103448370e+03,1.919000000000000000e+03,2.941953665341223768e+03,1.016390040927529492e+00,1.017439122021491338e+00
1.500000000000000222e-01,3.342413793103448370e+03,2.578000000000000000e+03,2.923199499491935057e+03,1.013568916516823570e+00,1.014371700517929353e+00
1.500000000000000222e-01,3.352586206896551630e+03,4.180000000000000000e+02,3.357564424993575358e+03,1.055611583393841091e+00,1.068351520460787851e+00
1.500000000000000222e-01,3.352586206896551630e+03,5.302999999999999545e+02,3.297733239389311166e+03,1.045320807573502542e+00,1.054967464705345970e+00
1.500000000000000222e-01,3.352586206896551630e+03,7.320000000000000000e+02,3.128653336122111341e+03,1.034049162954393530e+00,1.038829817721786730e+00
1.500000000000000222e-01,3.352586206896551630e+03,8.640000000000000000e+02,3.078453598325037092e+03,1.029363668577566893e+00,1.032799306238814330e+00
1.500000000000000222e-01,3.352586206896551630e+03,1.128000000000000000e+03,2.977614030323150018e+03,1.023252717565731995e+00,1.024960086072219223e+00
1.500000000000000222e-01,3.352586206896551630e+03,1.325000000000000000e+03,2.956484017858973402e+03,1.020321177520649991e+00,1.021671125750876596e+00
1.500000000000000222e-01,3.352586206896551630e+03,1.919000000000000000e+03,2.938699286286206188e+03,1.015333279371763764e+00,1.016313634354071294e+00
1.500000000000000222e-01,3.352586206896551630e+03,2.578000000000000000e+03,2.920515360817499186e+03,1.012690179159029036e+00,1.013440284679877124e+00
1.500000000000000222e-01,3.362758620689655345e+03,4.180000000000000000e+02,3.344237366950775140e+03,1.052200026764587015e+00,1.064110951726705556e+00
1.500000000000000222e-01,3.362758620689655345e+03,5.302999999999999545e+02,3.286711459482560713e+03,1.042438551554240700e+00,1.051441521774037824e+00
1.500000000000000222e-01,3.362758620689655345e+03,7.320000000000000000e+02,3.120917796192612514e+03,1.031806584274566285e+00,1.036261329406970244e+00
1.500000000000000222e-01,3.362758620689655345e+03,8.640000000000000000e+02,3.071908816147938978e+03,1.027404039765946964e+00,1.030603578326700021e+00
1.500000000000000222e-01,3.362758620689655345e+03,1.128000000000000000e+03,2.972690539644551336e+03,1.021676324953244785e+00,1.023265312546060013e+00
1.500000000000000222e-01,3.362758620689655345e+03,1.325000000000000000e+03,2.952198326734989223e+03,1.018934137947931973e+00,1.020190121000364769e+00
1.500000000000000222e-01,3.362758620689655345e+03,1.919000000000000000e+03,2.935444491480643137e+03,1.014276242102116976e+00,1.015188002904349629e+00
1.500000000000000222e-01,3.362758620689655345e+03,2.578000000000000000e+03,2.917832552295940332e+03,1.011811787262758333e+00,1.012509330414644415e+00
1.500000000000000222e-01,3.372931034482758605e+03,4.180000000000000000e+02,3.330683275018508994e+03,1.048725166993925928e+00,1.059798142531888754e+00
1.500000000000000222e-01,3.372931034482758605e+03,5.302999999999999545e+02,3.275560668752452784e+03,1.039519113652484172e+00,1.047874307396145843e+00
1.500000000000000222e-01,3.372931034482758605e+03,7.320000000000000000e+02,3.113129723317231765e+03,1.029547395909943708e+00,1.033675398191093331e+00
1.500000000000000222e-01,3.372931034482758605e+03,8.640000000000000000e+02,3.065332026133460658e+03,1.025433947700865156e+00,1.028397112012597647e+00
1.500000000000000222e-01,3.372931034482758605e+03,1.128000000000000000e+03,2.967754029290392737e+03,1.020095405728923099e+00,1.021566057361886326e+00
1.500000000000000222e-01,3.372931034482758605e+03,1.325000000000000000e+03,2.947905680539819514e+03,1.017544596274960078e+00,1.018706712788388202e+00
1.500000000000000222e-01,3.372931034482758605e+03,1.919000000000000000e+03,2.932189355835279457e+03,1.013218953231260988e+00,1.014062253579301798e+00
1.500000000000000222e-01,3.372931034482758605e+03,2.578000000000000000e+03,2.915151107121926998e+03,1.010933751765853872e+00,1.011578849241025591e+00
1.500000000000000222e-01,3.383103448275861865e+03,4.180000000000000000e+02,3.316902927655407439e+03,1.045186929159689582e+00,1.055413340575966474e+00
1.500000000000000222e-01,3.383103448275861865e+03,5.302999999999999545e+02,3.264281950834946201e+03,1.036562651550069880e+00,1.044266168234240011e+00
1.500000000000000222e-01,3.383103448275861865e+03,7.320000000000000000e+02,3.105289804133049074e+03,1.027271767890941545e+00,1.031072252063324202e+00
1.500000000000000222e-01,3.383103448275861865e+03,8.640000000000000000e+02,3.058723732715318420e+03,1.023453530036388504e+00,1.026180076530434304e+00
1.500000000000000222e-01,3.383103448275861865e+03,1.128000000000000000e+03,2.962804772945970399e+03,1.018510044351454091e+00,1.019862414728182731e+00
1.500000000000000222e-01,3.383103448275861865e+03,1.325000000000000000e+03,2.943606266789910933e+03,1.016152611859375554e+00,1.017220965914938491e+00
1.500000000000000222e-01,3.383103448275861865e+03,1.919000000000000000e+03,2.928933952015877367e+03,1.012161436603513653e+00,1.012936411509503865e+00
1.500000000000000222e-01,3.383103448275861865e+03,2.578000000000000000e+03,2.912471058148957582e+03,1.010056083454295539e+00,1.010648852559425492e+00
1.500000000000000222e-01,3.393275862068965580e+03,4.180000000000000000e+02,3.302897267260296303e+03,1.041585276345284861e+00,1.050956845723093114e+00
1.500000000000000222e-01,3.393275862068965580e+03,5.302999999999999545e+02,3.252876450523189760e+03,1.033569338468618426e+00,1.040617470515494913e+00
1.500000000000000222e-01,3.393275862068965580e+03,7.320000000000000000e+02,3.097398735833145565e+03,1.024979873592203994e+00,1.028452122517818479e+00
1.500000000000000222e-01,3.393275862068965580e+03,8.640000000000000000e+02,3.052084443129210285e+03,1.021462925519015075e+00,1.023952642054182460e+00
1.500000000000000222e-01,3.393275862068965580e+03,1.128000000000000000e+03,2.957843041855756837e+03,1.016920325088076726e+00,1.018154478013248321e+00
1.500000000000000222e-01,3.393275862068965580e+03,1.325000000000000000e+03,2.939300271319722469e+03,1.014758243705654595e+00,1.015732944598763288e+00
1.500000000000000222e-01,3.393275862068965580e+03,1.919000000000000000e+03,2.925678353148275619e+03,1.011103715796729086e+00,1.011810501984643063e+00
1.500000000000000222e-01,3.393275862068965580e+03,2.578000000000000000e+03,2.909792437222114131e+03,1.009178792963961735e+00,1.009719351420321987e+00
1.500000000000000222e-01,3.403448275862068840e+03,4.180000000000000000e+02,3.288667403722245126e+03,1.037920210294108969e+00,1.046429011131548181e+00
1.500000000000000222e-01,3.403448275862068840e+03,5.302999999999999545e+02,3.241345372644866075e+03,1.030539363148034848e+00,1.036928599672543472e+00
1.500000000000000222e-01,3.403448275862068840e+03,7.320000000000000000e+02,3.089457225899039258e+03,1.022671889655131672e+00,1.025815244464876708e+00
1.500000000000000222e-01,3.403448275862068840e+03,8.640000000000000000e+02,3.045414667219748026e+03,1.019462273939991448e+00,1.021714979633085996e+00
1.500000000000000222e-01,3.403448275862068840e+03,1.128000000000000000e+03,2.952869107548883221e+03,1.015326332000632270e+00,1.016442340683368251e+00
1.500000000000000222e-01,3.403448275862068840e+03,1.325000000000000000e+03,2.934987878949191327e+03,1.013361550460734284e+00,1.014242712708022021e+00
1.500000000000000222e-01,3.403448275862068840e+03,1.919000000000000000e+03,2.922422631658539103e+03,1.010045814124196140e+00,1.010684550052398656e+00
1.500000000000000222e-01,3.403448275862068840e+03,2.578000000000000000e+03,2.907115276208349769e+03,1.008301890782368204e+00,1.008790356881781314e+00
1.500000000000000222e-01,3.413620689655172555e+03,4.180000000000000000e+02,3.274214612853598737e+03,1.034191772017698074e+00,1.041830242755138025e+00
1.500000000000000222e-01,3.413620689655172555e+03,5.302999999999999545e+02,3.229689981886107944e+03,1.027472929810369751e+00,1.033199960287147334e+00
1.500000000000000222e-01,3.413620689655172555e+03,7.320000000000000000e+02,3.081465991766618572e+03,1.020347995909224093e+00,1.023161856120022861e+00
1.500000000000000222e-01,3.413620689655172555e+03,8.640000000000000000e+02,3.038714917570239777e+03,1.017451716087754976e+00,1.019467261235202482e+00
1.500000000000000222e-01,3.413620689655172555e+03,1.128000000000000000e+03,2.947883240302484410e+03,1.013728148931915873e+00,1.014726095773863079e+00
1.500000000000000222e-01,3.413620689655172555e+03,1.325000000000000000e+03,2.930669273484509631e+03,1.011962590409811291e+00,1.012750333760555232e+00
1.500000000000000222e-01,3.413620689655172555e+03,1.919000000000000000e+03,2.919166858111998863e+03,1.008987754636541112e+00,1.009558580116937998e+00
1.500000000000000222e-01,3.413620689655172555e+03,2.578000000000000000e+03,2.904439605338815454e+03,1.007425387250390880e+00,1.007861879434235330e+00
1.500000000000000222e-01,3.423793103448275815e+03,4.180000000000000000e+02,3.259540338494404295e+03,1.030400042355433587e+00,1.037161000012808865e+00
1.500000000000000222e-01,3.423793103448275815e+03,5.302999999999999545e+02,3.217911601876344321e+03,1.024370258109007947e+00,1.029431975797432397e+00
1.500000000000000222e-01,3.423793103448275815e+03,7.320000000000000000e+02,3.073425760680703661e+03,1.018008375292307477e+00,1.020492198955712304e+00
1.500000000000000222e-01,3.423793103448275815e+03,8.640000000000000000e+02,3.031985709593509910e+03,1.015431393700523044e+00,1.017209659777871700e+00
1.500000000000000222e-01,3.423793103448275815e+03,1.128000000000000000e+03,2.942885709470544043e+03,1.012125859492323920e+00,1.013005836002283999e+00
1.500000000000000222e-01,3.423793103448275815e+03,1.325000000000000000e+03,2.926344637397049155e+03,1.010561421472311983e+00,1.011255870812929114e+00
1.500000000000000222e-01,3.423793103448275815e+03,1.919000000000000000e+03,2.915911102507773194e+03,1.007929560123637547e+00,1.008432616386609970e+00
1.500000000000000222e-01,3.423793103448275815e+03,2.578000000000000000e+03,2.901765456919891221e+03,1.006549292563969855e+00,1.006933930288235413e+00
1.500000000000000222e-01,3.433965517241379530e+03,4.180000000000000000e+02,3.244646192669509219e+03,1.026545142483705986e+00,1.032421795838633694e+00
1.500000000000000222e-01,3.433965517241379530e+03,5.302999999999999545e+02,3.206011614626524988e+03,1.021231583063161752e+00,1.025625088318173228e+00
1.500000000000000222e-01,3.433965517241379530e+03,7.320000000000000000e+02,3.065337268896350906e+03,1.015653213769709851e+00,1.017806517436136371e+00
1.500000000000000222e-01,3.433965517241379530e+03,8.640000000000000000e+02,3.025227560300991627e+03,1.013401449419056188e+00,1.014942348714755971e+00
1.500000000000000222e-01,3.433965517241379530e+03,1.128000000000000000e+03,2.937876783377646461e+03,1.010519547046796696e+00,1.011281653731840979e+00
1.500000000000000222e-01,3.433965517241379530e+03,1.325000000000000000e+03,2.922014151478857912e+03,1.009158101198031510e+00,1.009759386341387621e+00
1.500000000000000222e-01,3.433965517241379530e+03,1.919000000000000000e+03,2.912655434939459610e+03,1.006871253116521148e+00,1.007306683102438205e+00
1.500000000000000222e-01,3.433965517241379530e+03,2.578000000000000000e+03,2.899092859663943273e+03,1.005673616775795587e+00,1.006006519407182997e+00
1.500000000000000222e-01,3.444137931034482790e+03,4.180000000000000000e+02,3.229533955876440359e+03,1.022627234372537997e+00,1.027613196773414117e+00
1.500000000000000222e-01,3.444137931034482790e+03,5.302999999999999545e+02,3.193991459384370955e+03,1.018057154977691336e+00,1.021779758274580008e+00
1.500000000000000222e-01,3.444137931034482790e+03,7.320000000000000000e+02,3.057201261935316325e+03,1.013282700252451818e+00,1.015105059102375806e+00
1.500000000000000222e-01,3.444137931034482790e+03,8.640000000000000000e+02,3.018440989480675398e+03,1.011362026739613729e+00,1.012665502431031816e+00
1.500000000000000222e-01,3.444137931034482790e+03,1.128000000000000000e+03,2.932856729272903522e+03,1.008909294702055481e+00,1.009553640955542342e+00
1.500000000000000222e-01,3.444137931034482790e+03,1.325000000000000000e+03,2.917677995823542005e+03,1.007752686763436101e+00,1.008260942580813557e+00
1.500000000000000222e-01,3.444137931034482790e+03,1.919000000000000000e+03,2.909399923194056100e+03,1.005812855889306690e+00,1.006180803707736660e+00
1.500000000000000222e-01,3.444137931034482790e+03,2.578000000000000000e+03,2.896421844354568748e+03,1.004798369796977120e+00,1.005079657473212817e+00
1.500000000000000222e-01,3.454310344827586050e+03,4.180000000000000000e+02,3.214205576381301398e+03,1.018646521187758669e+00,1.022735822740639344e+00
1.500000000000000222e-01,3.454310344827586050e+03,5.302999999999999545e+02,3.181852632054504738e+03,1.014847239348279473e+00,1.017896464216793584e+00
1.500000000000000222e-01,3.454310344827586050e+03,7.320000000000000000e+02,3.049018493795685572e+03,1.010897026514518071e+00,1.012388074309970243e+00
1.500000000000000222e-01,3.454310344827586050e+03,8.640000000000000000e+02,3.011626518507171113e+03,1.009313269967128335e+00,1.010379295844176406e+00
1.500000000000000222e-01,3.454310344827586050e+03,1.128000000000000000e+03,2.927825813414553068e+03,1.007295185294135198e+00,1.007821889325315912e+00
1.500000000000000222e-01,3.454310344827586050e+03,1.325000000000000000e+03,2.913336348488337990e+03,1.006345234968130553e+00,1.006760601062382632e+00
1.500000000000000222e-01,3.454310344827586050e+03,1.919000000000000000e+03,2.906144635333451788e+03,1.004754390461111813e+00,1.005055001740887466e+00
1.500000000000000222e-01,3.454310344827586050e+03,2.578000000000000000e+03,2.893752440063956783e+03,1.003923561398693654e+00,1.004153354574587986e+00
1.500000000000000222e-01,3.464482758620689765e+03,4.180000000000000000e+02,3.198663170611238002e+03,1.014603247636946204e+00,1.017790347171366516e+00
1.500000000000000222e-01,3.464482758620689765e+03,5.302999999999999545e+02,3.169596684044817721e+03,1.011602116752025493e+00,1.013975702450831573e+00
1.500000000000000222e-01,3.464482758620689765e+03,7.320000000000000000e+02,3.040789726753368086e+03,1.008496387109275583e+00,1.009655816163006259e+00
1.500000000000000222e-01,3.464482758620689765e+03,8.640000000000000000e+02,3.004784670638249736e+03,1.007255324168619515e+00,1.008083904503453088e+00
1.500000000000000222e-01,3.464482758620689765e+03,1.128000000000000000e+03,2.922784301444880839e+03,1.005677301376206367e+00,1.006086490281065560e+00
1.500000000000000222e-01,3.464482758620689765e+03,1.325000000000000000e+03,2.908989387284788336e+03,1.004935802231482489e+00,1.005258423232366027e+00
1.500000000000000222e-01,3.464482758620689765e+03,1.919000000000000000e+03,2.902889638561223364e+03,1.003695878597980817e+00,1.003929300443435313e+00
1.500000000000000222e-01,3.464482758620689765e+03,2.578000000000000000e+03,2.891084675076815984e+03,1.003049201213827457e+00,1.003227620526310204e+00
1.500000000000000222e-01,3.474655172413793025e+03,4.180000000000000000e+02,3.182909021996360934e+03,1.010497700257460219e+00,1.012777496635728136e+00
1.500000000000000222e-01,3.474655172413793025e+03,5.302999999999999545e+02,3.157225221353532561e+03,1.008322082723547508e+00,1.010017986746531982e+00
1.500000000000000222e-01,3.474655172413793025e+03,7.320000000000000000e+02,3.032515731089424662e+03,1.006080979285106869e+00,1.006908540423579579e+00
1.500000000000000222e-01,3.474655172413793025e+03,8.640000000000000000e+02,2.997915970703091261e+03,1.005188335126867560e+00,1.005779504485322606e+00
1.500000000000000222e-01,3.474655172413793025e+03,1.128000000000000000e+03,2.917732456843235923e+03,1.004055725206689065e+00,1.004347534518164498e+00
1.500000000000000222e-01,3.474655172413793025e+03,1.325000000000000000e+03,2.904637287717171148e+03,1.003524444589406261e+00,1.003754469739714716e+00
1.500000000000000222e-01,3.474655172413793025e+03,1.919000000000000000e+03,2.899634998395517414e+03,1.002637341814812455e+00,1.002803722474039372e+00
1.500000000000000222e-01,3.474655172413793025e+03,2.578000000000000000e+03,2.888418578902984791e+03,1.002175298738579023e+00,1.002302465568510215e+00
1.500000000000000222e-01,3.484827586206896740e+03,4.180000000000000000e+02,3.166945579881619324e+03,1.006330207645024677e+00,1.007698050496699915e+00
1.500000000000000222e-01,3.484827586206896740e+03,5.302999999999999545e+02,3.144739903606974622e+03,1.005007447616693694e+00,1.006023848029730772e+00
1.500000000000000222e-01,3.484827586206896740e+03,7.320000000000000000e+02,3.024197284579255211e+03,1.003651002900324052e+00,1.004146505342186080e+00
1.500000000000000222e-01,3.484827586206896740e+03,8.640000000000000000e+02,2.991020945055100583e+03,1.003112449294367714e+00,1.003466272377611768e+00
1.500000000000000222e-01,3.484827586206896740e+03,1.128000000000000000e+03,2.912670542487894181e+03,1.002430538737655974e+00,1.002605112525083664e+00
1.500000000000000222e-01,3.484827586206896740e+03,1.325000000000000000e+03,2.900280224464091134e+03,1.002111217691300515e+00,1.002248800948051244e+00
1.500000000000000222e-01,3.484827586206896740e+03,1.919000000000000000e+03,2.896380780735730241e+03,1.001578801377289052e+00,1.001678290623209566e+00
1.500000000000000222e-01,3.484827586206896740e+03,2.578000000000000000e+03,2.885754179821509297e+03,1.001301863334067344e+00,1.001377899514224845e+00
1.500000000000000222e-01,3.495000000000000000e+03,4.180000000000000000e+02,3.150775459031418450e+03,1.002101140621457720e+00,1.002552840752473085e+00
1.500000000000000222e-01,3.495000000000000000e+03,5.302999999999999545e+02,3.132142442465290969e+03,1.001658536452010306e+00,1.001993833872240280e+00
1.500000000000000222e-01,3.495000000000000000e+03,7.320000000000000000e+02,3.015835172321401842e+03,1.001206660337429444e+00,1.001369971600879261e+00
1.500000000000000222e-01,3.495000000000000000e+03,8.640000000000000000e+02,2.984100121464105996e+03,1.001027813747590312e+00,1.001144385243347479e+00
1.500000000000000222e-01,3.495000000000000000e+03,1.128000000000000000e+03,2.907598820212853298e+03,1.000801823603520768e+00,1.000859314430830205e+00
1.500000000000000222e-01,3.495000000000000000e+03,1.325000000000000000e+03,2.895918371061068228e+03,1.000696176797136738e+00,1.000741476825983467e+00
1.500000000000000222e-01,3.495000000000000000e+03,1.919000000000000000e+03,2.893127050005994533e+03,1.000520278303806965e+00,1.000553027171253495e+00
1.500000000000000222e-01,3.495000000000000000e+03,2.578000000000000000e+03,2.883091504101375904e+03,1.000428904227909532e+00,1.000453931478984870e+00
1.500000000000000222e-01,3.505000000000000000e+03,4.180000000000000000e+02,3.134680645371035098e+03,9.978841351553715544e-01,9.974315931845617600e-01
1.500000000000000222e-01,3.505000000000000000e+03,5.302999999999999545e+02,3.119650897833392719e+03,9.983333059464083448e-01,9.979977031321419778e-01
1.500000000000000222e-01,3.505000000000000000e+03,7.320000000000000000e+02,3.007572996479468202e+03,9.987899428145257108e-01,9.986266204840376082e-01
1.500000000000000222e-01,3.505000000000000000e+03,8.640000000000000000e+02,2.977271966134842387e+03,9.989701255929351875e-01,9.988535876523779722e-01
1.500000000000000222e-01,3.505000000000000000e+03,1.128000000000000000e+03,2.902603751460342210e+03,9.991973531544756648e-01,9.991399021610154474e-01
1.500000000000000222e-01,3.505000000000000000e+03,1.325000000000000000e+03,2.891625944804299252e+03,9.993034046890585387e-01,9.992581446180414106e-01
1.500000000000000222e-01,3.505000000000000000e+03,1.919000000000000000e+03,2.889929003622060463e+03,9.994797333589459098e-01,9.994470214773546468e-01
1.500000000000000222e-01,3.505000000000000000e+03,2.578000000000000000e+03,2.880475665722248777e+03,9.995712141124827310e-01,9.995462163451473980e-01
1.500000000000000222e-01,3.515172413793103260e+03,4.180000000000000000e+02,3.118109041285066269e+03,9.935342260265692671e-01,9.921586345214520319e-01
1.500000000000000222e-01,3.515172413793103260e+03,5.302999999999999545e+02,3.106836314076711005e+03,9.949174417198335396e-01,9.938982299620366945e-01
1.500000000000000222e-01,3.515172413793103260e+03,7.320000000000000000e+02,2.999126641654137529e+03,9.963177194806321912e-01,9.958221150623894902e-01
1.500000000000000222e-01,3.515172413793103260e+03,8.640000000000000000e+02,2.970301548253284636e+03,9.968685761647848587e-01,9.965150619860549952e-01
1.500000000000000222e-01,3.515172413793103260e+03,1.128000000000000000e+03,2.897513348152247545e+03,9.975618806528002702e-01,9.973876736452730318e-01
1.500000000000000222e-01,3.515172413793103260e+03,1.325000000000000000e+03,2.887255099155772314e+03,9.978849284521561502e-01,9.977477130489076362e-01
1.500000000000000222e-01,3.515172413793103260e+03,1.919000000000000000e+03,2.886676425788104098e+03,9.984213059251947353e-01,9.983221567404712005e-01
1.500000000000000222e-01,3.515172413793103260e+03,2.578000000000000000e+03,2.877816490056028670e+03,9.986992263067383524e-01,9.986234628543273484e-01
1.500000000000000222e-01,3.525344827586206975e+03,4.180000000000000000e+02,3.101339519365531487e+03,9.891241002565452911e-01,9.868226999056419757e-01
1.500000000000000222e-01,3.525344827586206975e+03,5.302999999999999545e+02,3.093914992899571189e+03,9.914683564084398881e-01,9.897646107595886589e-01
1.500000000000000222e-01,3.525344827586206975e+03,7.320000000000000000e+02,2.990639002569906097e+03,9.938317478273481775e-01,9.930039017240944732e-01
1.500000000000000222e-01,3.525344827586206975e+03,8.640000000000000000e+02,2.963306912012963949e+03,9.947587190193440954e-01,9.941684112324666867e-01
1.500000000000000222e-01,3.525344827586206975e+03,1.128000000000000000e+03,2.892413909834523565e+03,9.959231210110714994e-01,9.956323350809638262e-01
1.500000000000000222e-01,3.525344827586206975e+03,1.325000000000000000e+03,2.882879972050500328e+03,9.964648007224413684e-01,9.962358019382960839e-01
1.500000000000000222e-01,3.525344827586206975e+03,1.919000000000000000e+03,2.883424522563182563e+03,9.973629571043998165e-01,9.971975253089699898e-01
1.500000000000000222e-01,3.525344827586206975e+03,2.578000000000000000e+03,2.875159118121528536e+03,9.978277415480505397e-01,9.977013352716646022e-01
1.500000000000000222e-01,3.535517241379310235e+03,4.180000000000000000e+02,3.084375331832256506e+03,9.846542972754115386e-01,9.814248241688001695e-01
1.500000000000000222e-01,3.535517241379310235e+03,5.302999999999999545e+02,3.080888842401763213e+03,9.879864316612492203e-01,9.855974559389981682e-01
1.500000000000000222e-01,3.535517241379310235e+03,7.320000000000000000e+02,2.982110889567346476e+03,9.913322394296476547e-01,9.901722495325031570e-01
1.500000000000000222e-01,3.535517241379310235e+03,8.640000000000000000e+02,2.956288588566224917e+03,9.926407032711082046e-01,9.918138135894503105e-01
1.500000000000000222e-01,3.535517241379310235e+03,1.128000000000000000e+03,2.887305692689579246e+03,9.942811544918302991e-01,9.938739746516943585e-01
1.500000000000000222e-01,3.535517241379310235e+03,1.325000000000000000e+03,2.878500731593236651e+03,9.950430751827984421e-01,9.947224693781063776e-01
1.500000000000000222e-01,3.535517241379310235e+03,1.919000000000000000e+03,2.880173355389259541e+03,9.963047069491649532e-01,9.960731484318114948e-01
1.500000000000000222e-01,3.535517241379310235e+03,2.578000000000000000e+03,2.872503577348361887e+03,9.969567685476554697e-01,9.967798431154364369e-01
1.500000000000000222e-01,3.545689655172413950e+03,4.180000000000000000e+02,3.067219885824146331e+03,9.801253986295713760e-01,9.759660914366702356e-01
1.500000000000000222e-01,3.545689655172413950e+03,5.302999999999999545e+02,3.067759817149906667e+03,9.844720628278581520e-01,9.813973907795225937e-01
1.500000000000000222e-01,3.545689655172413950e+03,7.320000000000000000e+02,2.973543118968024828e+03,9.888194079520074009e-01,9.873274295368793529e-01
1.500000000000000222e-01,3.545689655172413950e+03,8.640000000000000000e+02,2.949247109546360207e+03,9.905146784357795608e-01,9.894514474161975048e-01
1.500000000000000222e-01,3.545689655172413950e+03,1.128000000000000000e+03,2.882188951901176551e+03,9.926360609878144281e-01,9.921126801973150222e-01
1.500000000000000222e-01,3.545689655172413950e+03,1.325000000000000000e+03,2.874117544234611159e+03,9.936198051143476651e-01,9.932077728886232748e-01
1.500000000000000222e-01,3.545689655172413950e+03,1.919000000000000000e+03,2.876922984935248678e+03,9.952465752744253935e-01,9.949490470906063866e-01
1.500000000000000222e-01,3.545689655172413950e+03,2.578000000000000000e+03,2.869849891686038063e+03,9.960863158909182280e-01,9.958589946962986827e-01
1.500000000000000222e-01,3.555862068965517210e+03,4.180000000000000000e+02,3.049876738116852266e+03,9.755380277644578602e-01,9.704476334482731170e-01
1.500000000000000222e-01,3.555862068965517210e+03,5.302999999999999545e+02,3.054529915833104042e+03,9.809256587248239567e-01,9.771650546755040745e-01
1.500000000000000222e-01,3.555862068965517210e+03,7.320000000000000000e+02,2.964936511507310115e+03,9.862934690601367071e-01,9.844697142520344446e-01
1.500000000000000222e-01,3.555862068965517210e+03,8.640000000000000000e+02,2.942183006542142721e+03,9.883807943867247703e-01,9.870814910569640777e-01
1.500000000000000222e-01,3.555862068965517210e+03,1.128000000000000000e+03,2.877063941142621388e+03,9.909879200123238308e-01,9.903485390377437803e-01
1.500000000000000222e-01,3.555862068965517210e+03,1.325000000000000000e+03,2.869730575218776266e+03,9.921950433943848013e-01,9.916917695732094806e-01
1.500000000000000222e-01,3.555862068965517210e+03,1.919000000000000000e+03,2.873673471081694515e+03,9.941885816593765135e-01,9.938252419943173210e-01
1.500000000000000222e-01,3.555862068965517210e+03,2.578000000000000000e+03,2.867198087025846235e+03,9.952163920388140683e-01,9.949387989987188430e-01
1.500000000000000222e-01,3.566034482758620470e+03,4.180000000000000000e+02,3.032349595297967426e+03,9.708928497409904379e-01,9.648706296116528192e-01
1.500000000000000222e-01,3.566034482758620470e+03,5.302999999999999545e+02,3.041201180243646832e+03,9.773476413894018888e-01,9.729011008102904645e-01
1.500000000000000222e-01,3.566034482758620470e+03,7.320000000000000000e+02,2.956291893307816281e+03,9.837546403325090338e-01,9.815993779815463949e-01
1.500000000000000222e-01,3.566034482758620470e+03,8.640000000000000000e+02,2.935096811846338369e+03,9.862392013118626011e-01,9.847041230921904642e-01
1.500000000000000222e-01,3.566034482758620470e+03,1.128000000000000000e+03,2.871930912733966579e+03,9.893368106898619008e-01,9.885816380270795456e-01
1.500000000000000222e-01,3.566034482758620470e+03,1.325000000000000000e+03,2.865339988461168559e+03,9.907688424944568473e-01,9.901745160760637710e-01
1.500000000000000222e-01,3.566034482758620470e+03,1.919000000000000000e+03,2.870424873026133810e+03,9.931307454493953912e-01,9.927017536156969024e-01
1.500000000000000222e-01,3.566034482758620470e+03,2.578000000000000000e+03,2.864548189035587257e+03,9.943470053293939070e-01,9.940192649296122340e-01
1.500000000000000222e-01,3.576206896551724185e+03,4.180000000000000000e+02,3.014642307176851318e+03,9.661905708856601827e-01,9.592363049069324576e-01
1.500000000000000222e-01,3.576206896551724185e+03,5.302999999999999545e+02,3.027775694211642985e+03,9.737384458209696891e-01,9.686061958154149609e-01
1.500000000000000222e-01,3.576206896551724185e+03,7.320000000000000000e+02,2.947610094749197742e+03,9.812031411717591078e-01,9.787166964424898197e-01
1.500000000000000222e-01,3.576206896551724185e+03,8.640000000000000000e+02,2.927989057475488607e+03,9.840900496709956702e-01,9.823195220096457847e-01
1.500000000000000222e-01,3.576206896551724185e+03,1.128000000000000000e+03,2.866790117522110904e+03,9.876828117470430879e-01,9.868120635123290851e-01
1.500000000000000222e-01,3.576206896551724185e+03,1.325000000000000000e+03,2.860945946338677913e+03,9.893412544785648022e-01,9.886560685097099954e-01
1.500000000000000222e-01,3.576206896551724185e+03,1.919000000000000000e+03,2.867177249241126447e+03,9.920730857579646012e-01,9.915786021767735159e-01
1.500000000000000222e-01,3.576206896551724185e+03,2.578000000000000000e+03,2.861900221631685781e+03,9.934781639792349406e-01,9.931004007881540918e-01
1.500000000000000222e-01,3.586379310344827445e+03,4.180000000000000000e+02,2.996758864484250353e+03,9.614319383743483716e-01,9.535459291543509908e-01
1.500000000000000222e-01,3.586379310344827445e+03,5.302999999999999545e+02,3.014255581315183917e+03,9.700985197104720070e-01,9.642810190380632918e-01
1.500000000000000222e-01,3.586379310344827445e+03,7.320000000000000000e+02,2.938891950119204466e+03,9.786391927160097426e-01,9.758219466495730021e-01
1.500000000000000222e-01,3.586379310344827445e+03,8.640000000000000000e+02,2.920860275512970929e+03,9.819334901536013183e-01,9.799278663195220007e-01
1.500000000000000222e-01,3.586379310344827445e+03,1.128000000000000000e+03,2.861641804307257644e+03,9.860260015037726200e-01,9.850399011359817214e-01
1.500000000000000222e-01,3.586379310344827445e+03,1.325000000000000000e+03,2.856548610015385748e+03,9.879123310014968906e-01,9.871364825675621457e-01
1.500000000000000222e-01,3.586379310344827445e+03,1.919000000000000000e+03,2.863930656900825852e+03,9.910156214685912346e-01,9.904558074505370735e-01
1.500000000000000222e-01,3.586379310344827445e+03,2.578000000000000000e+03,2.859254209118589188e+03,9.926098760848723890e-01,9.921822150081660574e-01
1.500000000000000222e-01,3.596551724137931160e+03,4.180000000000000000e+02,2.978703394523663064e+03,9.566177397501732793e-01,9.478008156305607335e-01
1.500000000000000222e-01,3.596551724137931160e+03,5.302999999999999545e+02,3.000643003461922490e+03,9.664283231582463385e-01,9.599262620873103558e-01
1.500000000000000222e-01,3.596551724137931160e+03,7.320000000000000000e+02,2.930138297983719895e+03,9.760630177501884441e-01,9.729154070380042763e-01
1.500000000000000222e-01,3.596551724137931160e+03,8.640000000000000000e+02,2.913710997410001710e+03,9.797696736370961057e-01,9.775293343199257246e-01
1.500000000000000222e-01,3.596551724137931160e+03,1.128000000000000000e+03,2.856486221415766067e+03,9.843664578646886820e-01,9.832652363774192494e-01
1.500000000000000222e-01,3.596551724137931160e+03,1.325000000000000000e+03,2.852148139163568430e+03,9.864821233072877948e-01,9.856158134275118110e-01
1.500000000000000222e-01,3.596551724137931160e+03,1.919000000000000000e+03,2.860685153435737902e+03,9.899583712367193700e-01,9.893333892986340139e-01
1.500000000000000222e-01,3.596551724137931160e+03,2.578000000000000000e+03,2.856610175401175184e+03,9.917421496242181389e-01,9.912647158848164608e-01
1.500000000000000222e-01,3.606724137931034420e+03,4.180000000000000000e+02,2.960480156527278723e+03,9.517488023758406968e-01,9.420023195909223990e-01
1.500000000000000222e-01,3.606724137931034420e+03,5.302999999999999545e+02,2.986940159855011643e+03,9.627283283806160608e-01,9.555426285033175038e-01
1.500000000000000222e-01,3.606724137931034420e+03,7.320000000000000000e+02,2.921349979952969534e+03,9.734748406173963087e-01,9.699973570538276135e-01
1.500000000000000222e-01,3.606724137931034420e+03,8.640000000000000000e+02,2.906541754453040085e+03,9.775987511455908052e-01,9.751241042536885617e-01
1.500000000000000222e-01,3.606724137931034420e+03,1.128000000000000000e+03,2.851323614902367808e+03,9.827042583108674956e-01,9.814881539340793992e-01
1.500000000000000222e-01,3.606724137931034420e+03,1.325000000000000000e+03,2.847744692090481294e+03,9.850506822277981245e-01,9.840941157957406871e-01
1.500000000000000222e-01,3.606724137931034420e+03,1.919000000000000000e+03,2.857440794996502063e+03,9.889013534916447634e-01,9.882113671400843957e-01
1.500000000000000222e-01,3.606724137931034420e+03,2.578000000000000000e+03,2.853968143012863948e+03,9.908749924579635104e-01,9.903479112373674287e-01
1.500000000000000222e-01,3.616896551724138135e+03,4.180000000000000000e+02,2.942093537964818097e+03,9.468259928211653076e-01,9.361518370950057122e-01
1.500000000000000222e-01,3.616896551724138135e+03,5.302999999999999545e+02,2.973149284607235131e+03,9.589990194056384754e-01,9.511308329940759698e-01
1.500000000000000222e-01,3.616896551724138135e+03,7.320000000000000000e+02,2.912527840626233228e+03,9.708748871303874983e-01,9.670680771355644190e-01
1.500000000000000222e-01,3.616896551724138135e+03,8.640000000000000000e+02,2.899353077400745860e+03,9.754208738091444397e-01,9.727123541865690948e-01
1.500000000000000222e-01,3.616896551724138135e+03,1.128000000000000000e+03,2.846154229389941065e+03,9.810394798917903003e-01,9.797087380105244936e-01
1.500000000000000222e-01,3.616896551724138135e+03,1.325000000000000000e+03,2.843338425863928478e+03,9.836180581814166768e-01,9.825714439501136432e-01
1.500000000000000222e-01,3.616896551724138135e+03,1.919000000000000000e+03,2.854197637055522137e+03,9.878445864384196584e-01,9.870897601593486836e-01
1.500000000000000222e-01,3.616896551724138135e+03,2.578000000000000000e+03,2.851328135909381217e+03,9.900084123309638162e-01,9.894318093786319546e-01
1.500000000000000222e-01,3.627068965517241395e+03,4.180000000000000000e+02,2.923548049134194571e+03,9.418502161866293410e-01,9.302508032853795683e-01
1.500000000000000222e-01,3.627068965517241395e+03,5.302999999999999545e+02,2.959272645470800853e+03,9.552408917584367387e-01,9.466916010290592487e-01
1.500000000000000222e-01,3.627068965517241395e+03,7.320000000000000000e+02,2.903672727719075283e+03,9.682633844832205794e-01,9.641278487564590716e-01
1.500000000000000222e-01,3.627068965517241395e+03,8.640000000000000000e+02,2.892145496171449849e+03,9.732361928235344628e-01,9.702942619024018667e-01
1.500000000000000222e-01,3.627068965517241395e+03,1.128000000000000000e+03,2.840978307999453136e+03,9.793721992175662416e-01,9.779270722943262939e-01
1.500000000000000222e-01,3.627068965517241395e+03,1.325000000000000000e+03,2.838929495852293712e+03,9.821843011718808247e-01,9.810478515812274258e-01
1.500000000000000222e-01,3.627068965517241395e+03,1.919000000000000000e+03,2.850955734549853787e+03,9.867880880597558191e-01,9.859685873557437752e-01
1.500000000000000222e-01,3.627068965517241395e+03,2.578000000000000000e+03,2.848690176315727058e+03,9.891424168736119293e-01,9.885164180208483309e-01
1.500000000000000222e-01,3.637241379310344655e+03,4.180000000000000000e+02,2.904848318240560275e+03,9.368224153640127838e-01,9.243006908218011075e-01
1.500000000000000222e-01,3.637241379310344655e+03,5.302999999999999545e+02,2.945312542106615183e+03,9.514544521365343455e-01,9.422256682855524312e-01
1.500000000000000222e-01,3.637241379310344655e+03,7.320000000000000000e+02,2.894785491343587637e+03,9.656405611631370123e-01,9.611769541854927601e-01
1.500000000000000222e-01,3.637241379310344655e+03,8.640000000000000000e+02,2.884919539860808527e+03,9.710448594105539621e-01,9.678700049090195323e-01
1.500000000000000222e-01,3.637241379310344655e+03,1.128000000000000000e+03,2.835796092092502022e+03,9.777024924514103876e-01,9.761432398674428912e-01
1.500000000000000222e-01,3.637241379310344655e+03,1.325000000000000000e+03,2.834518056284651720e+03,9.807494607872092596e-01,9.795233919859686056e-01
1.500000000000000222e-01,3.637241379310344655e+03,1.919000000000000000e+03,2.847715141225504340e+03,9.857318761179227895e-01,9.848478673166766173e-01
1.500000000000000222e-01,3.637241379310344655e+03,2.578000000000000000e+03,2.846054286843702357e+03,9.882770136031919783e-01,9.876017450104773721e-01
1.500000000000000222e-01,3.647413793103448370e+03,4.180000000000000000e+02,2.885999086566504047e+03,9.317435702353281668e-01,9.183030083444100322e-01
1.500000000000000222e-01,3.647413793103448370e+03,5.302999999999999545e+02,2.931271304370985945e+03,9.476402180756533511e-01,9.377337801005563023e-01
1.500000000000000222e-01,3.647413793103448370e+03,7.320000000000000000e+02,2.885866983270313085e+03,9.630066468627285214e-01,9.582156762423144070e-01
1.500000000000000222e-01,3.647413793103448370e+03,8.640000000000000000e+02,2.877675736846607833e+03,9.688470247788470990e-01,9.654397604734147320e-01
1.500000000000000222e-01,3.647413793103448370e+03,1.128000000000000000e+03,2.830607821708630581e+03,9.760304353023731005e-01,9.743573233567520697e-01
1.500000000000000222e-01,3.647413793103448370e+03,1.325000000000000000e+03,2.830104260017507386e+03,9.793135861987528612e-01,9.779981179869046137e-01
1.500000000000000222e-01,3.647413793103448370e+03,1.919000000000000000e+03,2.844475910305455272e+03,9.846759681566386035e-01,9.837276184486724029e-01
1.500000000000000222e-01,3.647413793103448370e+03,2.578000000000000000e+03,2.843420489217485283e+03,9.874122099252218288e-01,9.866877978859687204e-01
1.500000000000000222e-01,3.657586206896551630e+03,4.180000000000000000e+02,2.867005202792261116e+03,9.266146968114780114e-01,9.122592986664619374e-01
1.500000000000000222e-01,3.657586206896551630e+03,5.302999999999999545e+02,2.917151290022235116e+03,9.437987176064251971e-01,9.332166907371173270e-01
1.500000000000000222e-01,3.657586206896551630e+03,7.320000000000000000e+02,2.876918057502675310e+03,9.603618723924445266e-01,9.552442984879724319e-01
1.500000000000000222e-01,3.657586206896551630e+03,8.640000000000000000e+02,2.870414613552974060e+03,9.666428400852939973e-01,9.630037052071408477e-01
1.500000000000000222e-01,3.657586206896551630e+03,1.128000000000000000e+03,2.825413734854342692e+03,9.743561030183200966e-01,9.725694046893149647e-01
1.500000000000000222e-01,3.657586206896551630e+03,1.325000000000000000e+03,2.825688258403125019e+03,9.778767261603522609e-01,9.764720818867835828e-01
1.500000000000000222e-01,3.657586206896551630e+03,1.919000000000000000e+03,2.841238095013465227e+03,9.836203815029583852e-01,9.826078591585245547e-01
1.500000000000000222e-01,3.657586206896551630e+03,2.578000000000000000e+03,2.840788804765681562e+03,9.865480131347786896e-01,9.857745840485050426e-01
1.500000000000000222e-01,3.667758620689655345e+03,4.180000000000000000e+02,2.847871617843056356e+03,9.214368463122105668e-01,9.061711371347922483e-01
1.500000000000000222e-01,3.667758620689655345e+03,5.302999999999999545e+02,2.902954884540398325e+03,9.399304889024988618e-01,9.286751633266479011e-01
1.500000000000000222e-01,3.667758620689655345e+03,7.320000000000000000e+02,2.867939569265342925e+03,9.577064695934967009e-01,9.522631048890146666e-01
1.500000000000000222e-01,3.667758620689655345e+03,8.640000000000000000e+02,2.863136696943491188e+03,9.644324563969570718e-01,9.605620159027357108e-01
1.500000000000000222e-01,3.667758620689655345e+03,1.128000000000000000e+03,2.820214068242843496e+03,9.726795703791571990e-01,9.707795653470108199e-01
1.500000000000000222e-01,3.667758620689655345e+03,1.325000000000000000e+03,2.821270201256553719e+03,9.764389290076049832e-01,9.749453354571383512e-01
1.500000000000000222e-01,3.667758620689655345e+03,1.919000000000000000e+03,2.838001747158869421e+03,9.825651332691537343e-01,9.814886073638657837e-01
1.500000000000000222e-01,3.667758620689655345e+03,2.578000000000000000e+03,2.838159255510785897e+03,9.856844304178088434e-01,9.848621111400539530e-01
1.500000000000000222e-01,3.677931034482758605e+03,4.180000000000000000e+02,2.828603378870364395e+03,9.162111041891484176e-01,9.000401297146988222e-01
1.500000000000000222e-01,3.677931034482758605e+03,5.302999999999999545e+02,2.888684496781257621e+03,9.360360799205312832e-01,9.241099684786223678e-01
1.500000000000000222e-01,3.677931034482758605e+03,7.320000000000000000e+02,2.858932374740663818e+03,9.550406712512164997e-01,9.492723797299739141e-01
1.500000000000000222e-01,3.677931034482758605e+03,8.640000000000000000e+02,2.855842510418260645e+03,9.622160246535959027e-01,9.581148681572138059e-01
1.500000000000000222e-01,3.677931034482758605e+03,1.128000000000000000e+03,2.815009056562622845e+03,9.710009116902978965e-01,9.689878861147676048e-01
1.500000000000000222e-01,3.677931034482758605e+03,1.325000000000000000e+03,2.816850237519652637e+03,9.750002426572386138e-01,9.734179301677541307e-01
1.500000000000000222e-01,3.677931034482758605e+03,1.919000000000000000e+03,2.834766917869102599e+03,9.815102403545872267e-01,9.803698807465015541e-01
1.500000000000000222e-01,3.677931034482758605e+03,2.578000000000000000e+03,2.835531861502871379e+03,9.848214688524263849e-01,9.839503861181381206e-01
1.500000000000000222e-01,3.688103448275861865e+03,4.180000000000000000e+02,2.809205623594768440e+03,9.109385890938137553e-01,8.938679111898826246e-01
1.500000000000000222e-01,3.688103448275861865e+03,5.302999999999999545e+02,2.874342560023834722e+03,9.321160480325558773e-01,9.195218846156762993e-01
1.500000000000000222e-01,3.688103448275861865e+03,7.320000000000000000e+02,2.849897331261952331e+03,9.523647110089136225e-01,9.462724076775470561e-01
1.500000000000000222e-01,3.688103448275861865e+03,8.640000000000000000e+02,2.848532577213291916e+03,9.599936956307648650e-01,9.556624375125384319e-01
1.500000000000000222e-01,3.688103448275861865e+03,1.128000000000000000e+03,2.809798932972506918e+03,9.693202007763732642e-01,9.671944472509694801e-01
1.500000000000000222e-01,3.688103448275861865e+03,1.325000000000000000e+03,2.812428513972453857e+03,9.735607146065878847e-01,9.718899167413540541e-01
1.500000000000000222e-01,3.688103448275861865e+03,1.919000000000000000e+03,2.831533657963181213e+03,9.804557194475823634e-01,9.792516968815743184e-01
1.500000000000000222e-01,3.688103448275861865e+03,2.578000000000000000e+03,2.832906644158250856e+03,9.839591354101926424e-01,9.830394164143752000e-01
1.500000000000000222e-01,3.698275862068965580e+03,4.180000000000000000e+02,2.789683574109802521e+03,9.056204517927383124e-01,8.876561431908772670e-01
1.500000000000000222e-01,3.698275862068965580e+03,5.302999999999999545e+02,2.859931528222392444e+03,9.281709596512427440e-01,9.149116967745969387e-01
1.500000000000000222e-01,3.698275862068965580e+03,7.320000000000000000e+02,2.840835296365917657e+03,9.496788232822904741e-01,9.432634734659656184e-01
1.500000000000000222e-01,3.698275862068965580e+03,8.640000000000000000e+02,2.841207418815994060e+03,9.577656199034959572e-01,9.532048989240292647e-01
1.500000000000000222e-01,3.698275862068965580e+03,1.128000000000000000e+03,2.804583929056248053e+03,9.676375109751770287e-01,9.653993284718255241e-01
1.500000000000000222e-01,3.698275862068965580e+03,1.325000000000000000e+03,2.808005176483718969e+03,9.721203919331720122e-01,9.703613455857540426e-01
1.500000000000000222e-01,3.698275862068965580e+03,1.919000000000000000e+03,2.828302017531037109e+03,9.794015870272819724e-01,9.781340730920818904e-01
1.500000000000000222e-01,3.698275862068965580e+03,2.578000000000000000e+03,2.830283623278861796e+03,9.830974369573850513e-01,9.821292089001831815e-01
1.500000000000000222e-01,3.708448275862068840e+03,4.180000000000000000e+02,2.770042531167415746e+03,9.002578740319103767e-01,8.814065123767269583e-01
1.500000000000000222e-01,3.708448275862068840e+03,5.302999999999999545e+02,2.845453874833814098e+03,9.242013898485651469e-01,9.102801962311934947e-01
1.500000000000000222e-01,3.708448275862068840e+03,7.320000000000000000e+02,2.831747127831629768e+03,9.469832431744622525e-01,9.402458619099339776e-01
1.500000000000000222e-01,3.708448275862068840e+03,8.640000000000000000e+02,2.833867554671076959e+03,9.555319478105804842e-01,9.507424266616952835e-01
1.500000000000000222e-01,3.708448275862068840e+03,1.128000000000000000e+03,2.799364274003957235e+03,9.659529151318460016e-01,9.636026086696010129e-01
1.500000000000000222e-01,3.708448275862068840e+03,1.325000000000000000e+03,2.803580369579728085e+03,9.706793212943725102e-01,9.688322666448488940e-01
1.500000000000000222e-01,3.708448275862068840e+03,1.919000000000000000e+03,2.825072045929965952e+03,9.783478593655053901e-01,9.770170264476484290e-01
1.500000000000000222e-01,3.708448275862068840e+03,2.578000000000000000e+03,2.827662818868925569e+03,9.822363802562503743e-01,9.812197705171737949e-01
1.500000000000000222e-01,3.718620689655172555e+03,4.180000000000000000e+02,2.750287867532952077e+03,8.948520673529362091e-01,8.751207283205919563e-01
1.500000000000000222e-01,3.718620689655172555e+03,5.302999999999999545e+02,2.830912091000614510e+03,9.202079219683961808e-01,9.056281799190297743e-01
1.500000000000000222e-01,3.718620689655172555e+03,7.320000000000000000e+02,2.822633683274067153e+03,9.442782063916289603e-01,9.372198577696718713e-01
1.500000000000000222e-01,3.718620689655172555e+03,8.640000000000000000e+02,2.826513502579452961e+03,9.532928294194561447e-01,9.482751944440630520e-01
1.500000000000000222e-01,3.718620689655172555e+03,1.128000000000000000e+03,2.794140196012650904e+03,9.642664855932716605e-01,9.618043663947161148e-01
1.500000000000000222e-01,3.718620689655172555e+03,1.325000000000000000e+03,2.799154236118428344e+03,9.692375489272052613e-01,9.673027292860085780e-01
1.500000000000000222e-01,3.718620689655172555e+03,1.919000000000000000e+03,2.821843791215750116e+03,9.772945525285939850e-01,9.759005735677854787e-01
1.500000000000000222e-01,3.718620689655172555e+03,2.578000000000000000e+03,2.825044251240083213e+03,9.813759719662429326e-01,9.803111083136356596e-01
1.500000000000000222e-01,3.728793103448275815e+03,4.180000000000000000e+02,2.730425022162696678e+03,8.894042718634603828e-01,8.688005216570875433e-01
1.500000000000000222e-01,3.728793103448275815e+03,5.302999999999999545e+02,2.816308683844747975e+03,9.161911472335722006e-01,9.009564498836016844e-01
1.500000000000000222e-01,3.728793103448275815e+03,7.320000000000000000e+02,2.813495819783850948e+03,9.415639491594495203e-01,9.341857456312929742e-01
1.500000000000000222e-01,3.728793103448275815e+03,8.640000000000000000e+02,2.819145778339749086e+03,9.510484144917038529e-01,9.458033753179065917e-01
1.500000000000000222e-01,3.728793103448275815e+03,1.128000000000000000e+03,2.788911921225101196e+03,9.625782942027401035e-01,9.600046794904754099e-01
1.500000000000000222e-01,3.728793103448275815e+03,1.325000000000000000e+03,2.794726917892842266e+03,9.677951206481909541e-01,9.657727825085971052e-01
1.500000000000000222e-01,3.728793103448275815e+03,1.919000000000000000e+03,2.818617301552861591e+03,9.762416823792517961e-01,9.747847311095936274e-01
1.500000000000000222e-01,3.728793103448275815e+03,2.578000000000000000e+03,2.822427939340288503e+03,9.805162186452505146e-01,9.794032288646478124e-01
1.500000000000000222e-01,3.738965517241379530e+03,4.180000000000000000e+02,2.710459493910244419e+03,8.839157549644802714e-01,8.624476420796982623e-01
1.500000000000000222e-01,3.738965517241379530e+03,5.302999999999999545e+02,2.801646174378502565e+03,9.121516643479569142e-01,8.962658126140184978e-01
1.500000000000000222e-01,3.738965517241379530e+03,7.320000000000000000e+02,2.804334393832985825e+03,9.388407081401624055e-01,9.311438098755069337e-01
1.500000000000000222e-01,3.738965517241379530e+03,8.640000000000000000e+02,2.811764895618851369e+03,9.487988524491639541e-01,9.433271416148159005e-01
1.500000000000000222e-01,3.738965517241379530e+03,1.128000000000000000e+03,2.783679674079997312e+03,9.608884122947947137e-01,9.582036252136002519e-01
1.500000000000000222e-01,3.738965517241379530e+03,1.325000000000000000e+03,2.790298554982584392e+03,9.663520818533132273e-01,9.642424747198767854e-01
1.500000000000000222e-01,3.738965517241379530e+03,1.919000000000000000e+03,2.815392625444501846e+03,9.751892645783761804e-01,9.736695158473190892e-01
1.500000000000000222e-01,3.738965517241379530e+03,2.578000000000000000e+03,2.819813901497214374e+03,9.796571267508045189e-01,9.784961385300476877e-01
1.500000000000000222e-01,3.749137931034482790e+03,4.180000000000000000e+02,2.690396834047925495e+03,8.783878100373495590e-01,8.560638559611528642e-01
1.500000000000000222e-01,3.749137931034482790e+03,5.302999999999999545e+02,2.786927095804192504e+03,9.080900790940439338e-01,8.915570784990618503e-01
1.500000000000000222e-01,3.749137931034482790e+03,7.320000000000000000e+02,2.795150260930023705e+03,9.361087203504979692e-01,9.280943345631215147e-01
1.500000000000000222e-01,3.749137931034482790e+03,8.640000000000000000e+02,2.804371365803359822e+03,9.465442923406783837e-01,9.408466649013613736e-01
1.500000000000000222e-01,3.749137931034482790e+03,1.128000000000000000e+03,2.778443676758834954e+03,9.591969106903253106e-01,9.564012800438369544e-01
1.500000000000000222e-01,3.749137931034482790e+03,1.325000000000000000e+03,2.785869286024089888e+03,9.649084775180704066e-01,9.627118538283910842e-01
1.500000000000000222e-01,3.749137931034482790e+03,1.919000000000000000e+03,2.812169808196651957e+03,9.741373145868830186e-01,9.725549434494876744e-01
1.500000000000000222e-01,3.749137931034482790e+03,2.578000000000000000e+03,2.817202156447540347e+03,9.787987026412788838e-01,9.775898438116004119e-01
1.500000000000000222e-01,3.759310344827586050e+03,4.180000000000000000e+02,2.670242641252707017e+03,8.728217550933359270e-01,8.496509447579753127e-01
1.500000000000000222e-01,3.759310344827586050e+03,5.302999999999999545e+02,2.772153992011805258e+03,9.040070039266502322e-01,8.868310613465738568e-01
1.500000000000000222e-01,3.759310344827586050e+03,7.320000000000000000e+02,2.785944274848128771e+03,9.333682230804239977e-01,9.250376031787304054e-01
1.500000000000000222e-01,3.759310344827586050e+03,8.640000000000000000e+02,2.796965698343867189e+03,9.442848828094612124e-01,9.383621160945965212e-01
1.500000000000000222e-01,3.759310344827586050e+03,1.128000000000000000e+03,2.773204150247399411e+03,9.575038596918707956e-01,9.545977200493416248e-01
1.500000000000000222e-01,3.759310344827586050e+03,1.325000000000000000e+03,2.781439248622175000e+03,9.634643521976132829e-01,9.611809673861871905e-01
1.500000000000000222e-01,3.759310344827586050e+03,1.919000000000000000e+03,2.808948896650842471e+03,9.730858476675219304e-01,9.714410301156768401e-01
1.500000000000000222e-01,3.759310344827586050e+03,2.578000000000000000e+03,2.814592723590192236e+03,9.779409525770726974e-01,9.766843514408759530e-01
1.500000000000000222e-01,3.769482758620689765e+03,4.180000000000000000e+02,2.650002554272279212e+03,8.672189313887219697e-01,8.432107026768900226e-01
1.500000000000000222e-01,3.769482758620689765e+03,5.302999999999999545e+02,2.757329415407072702e+03,8.999030575632365192e-01,8.820885776886413510e-01
1.500000000000000222e-01,3.769482758620689765e+03,7.320000000000000000e+02,2.776717288211494179e+03,9.306194538127701144e-01,9.219738988254264633e-01
1.500000000000000222e-01,3.769482758620689765e+03,8.640000000000000000e+02,2.789548399775743292e+03,9.420207720611042390e-01,9.358736651335385348e-01
1.500000000000000222e-01,3.769482758620689765e+03,1.128000000000000000e+03,2.767961313458799850e+03,9.558093290791408458e-01,9.527930205848101908e-01
1.500000000000000222e-01,3.769482758620689765e+03,1.325000000000000000e+03,2.777008578752071571e+03,9.620197500269693780e-01,9.596498623821773100e-01
1.500000000000000222e-01,3.769482758620689765e+03,1.919000000000000000e+03,2.805729935914324869e+03,9.720348788866840506e-01,9.703277914456843734e-01
1.500000000000000222e-01,3.769482758620689765e+03,2.578000000000000000e+03,2.811985620242985078e+03,9.770838827217813716e-01,9.757796674272832815e-01
1.500000000000000222e-01,3.779655172413793025e+03,4.180000000000000000e+02,2.629682245327336204e+03,8.615807020085159973e-01,8.367449345754769396e-01
1.500000000000000222e-01,3.779655172413793025e+03,5.302999999999999545e+02,2.742455925213494083e+03,8.957788645714108711e-01,8.773304462384015068e-01
1.500000000000000222e-01,3.779655172413793025e+03,7.320000000000000000e+02,2.767470151412765517e+03,9.278626501437675644e-01,9.189035038653448062e-01
1.500000000000000222e-01,3.779655172413793025e+03,8.640000000000000000e+02,2.782119974430341699e+03,9.397521078322246257e-01,9.333814812177725351e-01
1.500000000000000222e-01,3.779655172413793025e+03,1.128000000000000000e+03,2.762715383228475730e+03,9.541133881047486609e-01,9.509872562897586645e-01
1.500000000000000222e-01,3.779655172413793025e+03,1.325000000000000000e+03,2.772577411086940629e+03,9.605747147213504755e-01,9.581185853553176868e-01
1.500000000000000222e-01,3.779655172413793025e+03,1.919000000000000000e+03,2.802512971189607924e+03,9.709844231162008121e-01,9.692152430722514866e-01
1.500000000000000222e-01,3.779655172413793025e+03,2.578000000000000000e+03,2.809380864803756594e+03,9.762274991433538274e-01,9.748757981550071339e-01
1.500000000000000222e-01,3.789827586206896740e+03,4.180000000000000000e+02,2.609287414376160086e+03,8.559084504219037770e-01,8.302554541372061392e-01
1.500000000000000222e-01,3.789827586206896740e+03,5.302999999999999545e+02,2.727536085816107061e+03,8.916350549541499637e-01,8.725574873602033321e-01
1.500000000000000222e-01,3.789827586206896740e+03,7.320000000000000000e+02,2.758203712766471654e+03,9.250980497045417916e-01,9.158266999706087264e-01
1.500000000000000222e-01,3.789827586206896740e+03,8.640000000000000000e+02,2.774680924103267898e+03,9.374790373597545745e-01,9.308857326961583745e-01
1.500000000000000222e-01,3.789827586206896740e+03,1.128000000000000000e+03,2.757466574867417421e+03,9.524161054901535417e-01,9.491805012789545914e-01
1.500000000000000222e-01,3.789827586206896740e+03,1.325000000000000000e+03,2.768145878677685687e+03,9.591292895765430870e-01,9.565871822839614458e-01
1.500000000000000222e-01,3.789827586206896740e+03,1.919000000000000000e+03,2.799298046204379261e+03,9.699344950351348471e-01,9.681034001180707227e-01
1.500000000000000222e-01,3.789827586206896740e+03,2.578000000000000000e+03,2.806778474195303716e+03,9.753718078152354698e-01,9.739727494963825727e-01
1.500000000000000222e-01,3.800000000000000000e+03,4.180000000000000000e+02,2.588823780982685093e+03,8.502035790126588610e-01,8.237440812839174065e-01
1.500000000000000222e-01,3.800000000000000000e+03,5.302999999999999545e+02,2.712572464802609375e+03,8.874722637332911335e-01,8.677705224429487219e-01
1.500000000000000222e-01,3.800000000000000000e+03,7.320000000000000000e+02,2.748918818234025366e+03,9.223258900836028840e-01,9.127437680320187319e-01
1.500000000000000222e-01,3.800000000000000000e+03,8.640000000000000000e+02,2.767231747681786601e+03,9.352017073508782641e-01,9.283865869418281846e-01
1.500000000000000222e-01,3.800000000000000000e+03,1.128000000000000000e+03,2.752215101867627709e+03,9.507175494218078615e-01,9.473728290410298181e-01
1.500000000000000222e-01,3.800000000000000000e+03,1.325000000000000000e+03,2.763714113551252012e+03,9.576835174693755226e-01,9.550556987926127617e-01
1.500000000000000222e-01,3.800000000000000000e+03,1.919000000000000000e+03,2.796085205669984589e+03,9.688851091315594521e-01,9.669922780460205036e-01
1.500000000000000222e-01,3.800000000000000000e+03,2.578000000000000000e+03,2.804178465692364171e+03,9.745168146175009483e-01,9.730705274458704146e-01
