f_spot,tempSpot,wavelength,D_lambda,epsilon_Rackham,epsilon_ourWork
0.000000000000000000e+00,nan,3.060000000000000000e+02,2.312418123611603733e+03,nan,nan
0.000000000000000000e+00,nan,4.460000000000000000e+02,2.087061661749767154e+03,nan,nan
0.000000000000000000e+00,nan,5.580000000000000000e+02,1.984097058636002885e+03,nan,nan
0.000000000000000000e+00,nan,6.660000000000000000e+02,1.908901434237275680e+03,nan,nan
0.000000000000000000e+00,nan,7.980000000000000000e+02,1.848253425138390867e+03,nan,nan
0.000000000000000000e+00,nan,9.296999999999999318e+02,1.811198651277212775e+03,nan,nan
0.000000000000000000e+00,nan,1.457000000000000000e+03,1.757876787262247035e+03,nan,nan
0.000000000000000000e+00,nan,2.314000000000000000e+03,1.703227075082414103e+03,nan,nan
0.000000000000000000e+00,nan,2.973000000000000000e+03,1.677999874386992815e+03,nan,nan
0.000000000000000000e+00,nan,4.293000000000000000e+03,1.636781062417824614e+03,nan,nan
0.000000000000000000e+00,nan,5.215000000000000000e+03,1.585396098463753788e+03,nan,nan
1.000000000000000194e-02,2.301000000000000000e+03,3.060000000000000000e+02,2.346815218682851537e+03,1.010100542383551625e+00,1.014874946152698909e+00
1.000000000000000194e-02,2.301000000000000000e+03,4.460000000000000000e+02,2.114267265880043396e+03,1.010090255537892556e+00,1.013035361929588207e+00
1.000000000000000194e-02,2.301000000000000000e+03,5.580000000000000000e+02,2.008392782290480227e+03,1.010058547835424259e+00,1.012245229409885816e+00
1.000000000000000194e-02,2.301000000000000000e+03,6.660000000000000000e+02,1.931122607531365929e+03,1.009998286173641846e+00,1.011640817538056458e+00
1.000000000000000194e-02,2.301000000000000000e+03,7.980000000000000000e+02,1.868750356913140195e+03,1.009883678238552518e+00,1.011089892487668340e+00
1.000000000000000194e-02,2.301000000000000000e+03,9.296999999999999318e+02,1.830522092817865541e+03,1.009732114593455687e+00,1.010668869219301991e+00
1.000000000000000194e-02,2.301000000000000000e+03,1.457000000000000000e+03,1.774564816387491646e+03,1.008974471498578884e+00,1.009493287155372787e+00
1.000000000000000194e-02,2.301000000000000000e+03,2.314000000000000000e+03,1.716971178157500390e+03,1.007920080142362673e+00,1.008069448446515137e+00
1.000000000000000194e-02,2.301000000000000000e+03,2.973000000000000000e+03,1.690337796787844127e+03,1.007369738916797708e+00,1.007352755258911214e+00
1.000000000000000194e-02,2.301000000000000000e+03,4.293000000000000000e+03,1.647427264154122213e+03,1.006684637910701730e+00,1.006504352952722448e+00
1.000000000000000194e-02,2.301000000000000000e+03,5.215000000000000000e+03,1.594940979642967022e+03,1.006389114187768108e+00,1.006020502503104597e+00
1.000000000000000194e-02,2.838250000000000000e+03,3.060000000000000000e+02,2.346740111133671689e+03,1.010078590943680465e+00,1.014842466062522819e+00
1.000000000000000194e-02,2.838250000000000000e+03,4.460000000000000000e+02,2.113882701308189553e+03,1.009948033635457154e+00,1.012851100688580530e+00
1.000000000000000194e-02,2.838250000000000000e+03,5.580000000000000000e+02,2.007637614349078149e+03,1.009746559064506055e+00,1.011864619026882961e+00
1.000000000000000194e-02,2.838250000000000000e+03,6.660000000000000000e+02,1.929998157081058707e+03,1.009493126268999008e+00,1.011051761220040479e+00
1.000000000000000194e-02,2.838250000000000000e+03,7.980000000000000000e+02,1.867210447951239757e+03,1.009141949169266583e+00,1.010256722673964269e+00
1.000000000000000194e-02,2.838250000000000000e+03,9.296999999999999318e+02,1.828629494121880498e+03,1.008779717674869181e+00,1.009623926581645792e+00
1.000000000000000194e-02,2.838250000000000000e+03,1.457000000000000000e+03,1.771860096562716308e+03,1.007520556439175374e+00,1.007954658370708190e+00
1.000000000000000194e-02,2.838250000000000000e+03,2.314000000000000000e+03,1.714134641450981690e+03,1.006285709686900232e+00,1.006404058817606417e+00
1.000000000000000194e-02,2.838250000000000000e+03,2.973000000000000000e+03,1.687615813433018729e+03,1.005743811187018943e+00,1.005730595808023375e+00
1.000000000000000194e-02,2.838250000000000000e+03,4.293000000000000000e+03,1.644946541639935504e+03,1.005126804385821915e+00,1.004988742483401420e+00
1.000000000000000194e-02,2.838250000000000000e+03,5.215000000000000000e+03,1.592680242846533702e+03,1.004875408161102435e+00,1.004594526497093243e+00
1.000000000000000194e-02,3.375500000000000000e+03,3.060000000000000000e+02,2.345744527774362723e+03,1.009787572379173159e+00,1.014411928285144482e+00
1.000000000000000194e-02,3.375500000000000000e+03,4.460000000000000000e+02,2.111771390723937657e+03,1.009167008184281622e+00,1.011839481998559664e+00
1.000000000000000194e-02,3.375500000000000000e+03,5.580000000000000000e+02,2.004854031029568205e+03,1.008596192328350849e+00,1.010461671873973177e+00
1.000000000000000194e-02,3.375500000000000000e+03,6.660000000000000000e+02,1.926806544927495224e+03,1.008058840651404608e+00,1.009379798437510134e+00
1.000000000000000194e-02,3.375500000000000000e+03,7.980000000000000000e+02,1.863719712901335015e+03,1.007460071825387882e+00,1.008368055783143591e+00
1.000000000000000194e-02,3.375500000000000000e+03,9.296999999999999318e+02,1.824973935116602661e+03,1.006939671023945770e+00,1.007605617324016878e+00
1.000000000000000194e-02,3.375500000000000000e+03,1.457000000000000000e+03,1.768123278653499483e+03,1.005511441184464561e+00,1.005828901926175689e+00
1.000000000000000194e-02,3.375500000000000000e+03,2.314000000000000000e+03,1.710869274735737918e+03,1.004404129920524191e+00,1.004486894181713330e+00
1.000000000000000194e-02,3.375500000000000000e+03,2.973000000000000000e+03,1.684646664005029379e+03,1.003970257041192138e+00,1.003961138328728797e+00
1.000000000000000194e-02,3.375500000000000000e+03,4.293000000000000000e+03,1.642360943900578150e+03,1.003503250192327778e+00,1.003409057943590144e+00
1.000000000000000194e-02,3.375500000000000000e+03,5.215000000000000000e+03,1.590356427015437930e+03,1.003319740547791827e+00,1.003128762935956875e+00
1.000000000000000194e-02,3.912750000000000000e+03,3.060000000000000000e+02,2.339568917301582132e+03,1.007980609942894956e+00,1.011741299470345634e+00
1.000000000000000194e-02,3.912750000000000000e+03,4.460000000000000000e+02,2.104939991995347100e+03,1.006637489259439855e+00,1.008566268344266881e+00
1.000000000000000194e-02,3.912750000000000000e+03,5.580000000000000000e+02,1.998121626342608351e+03,1.005811546674548751e+00,1.007068488734239153e+00
1.000000000000000194e-02,3.912750000000000000e+03,6.660000000000000000e+02,1.920413925902586470e+03,1.005184034131866522e+00,1.006030951341346125e+00
1.000000000000000194e-02,3.912750000000000000e+03,7.980000000000000000e+02,1.857760354301740790e+03,1.004587202235668109e+00,1.005143736802564414e+00
1.000000000000000194e-02,3.912750000000000000e+03,9.296999999999999318e+02,1.819392481048454101e+03,1.004128968597097549e+00,1.004523981820251155e+00
1.000000000000000194e-02,3.912750000000000000e+03,1.457000000000000000e+03,1.763566611019284892e+03,1.003060904453444646e+00,1.003236759139358947e+00
1.000000000000000194e-02,3.912750000000000000e+03,2.314000000000000000e+03,1.707320830327208114e+03,1.002359284055080124e+00,1.002403528751206530e+00
1.000000000000000194e-02,3.912750000000000000e+03,2.973000000000000000e+03,1.681524139420242818e+03,1.002105103227963978e+00,1.002100277292653274e+00
1.000000000000000194e-02,3.912750000000000000e+03,4.293000000000000000e+03,1.639714675039205531e+03,1.001841745469070011e+00,1.001792306062637028e+00
1.000000000000000194e-02,3.912750000000000000e+03,5.215000000000000000e+03,1.587997410665065217e+03,1.001740791909433437e+00,1.001640796393930888e+00
1.000000000000000194e-02,4.450000000000000000e+03,3.060000000000000000e+02,2.316180571131143552e+03,1.001109473231120539e+00,1.001627061940538521e+00
1.000000000000000194e-02,4.450000000000000000e+03,4.460000000000000000e+02,2.089146718583734128e+03,1.000775405853507438e+00,1.000999039401748725e+00
1.000000000000000194e-02,4.450000000000000000e+03,5.580000000000000000e+02,1.985606310462073679e+03,1.000626106118762459e+00,1.000760674393171179e+00
1.000000000000000194e-02,4.450000000000000000e+03,6.660000000000000000e+02,1.910077017776568027e+03,1.000529761525631445e+00,1.000615842975550063e+00
1.000000000000000194e-02,4.450000000000000000e+03,7.980000000000000000e+02,1.849182242732561008e+03,1.000448389143473671e+00,1.000502538007795428e+00
1.000000000000000194e-02,4.450000000000000000e+03,9.296999999999999318e+02,1.811975166668200472e+03,1.000391434715685479e+00,1.000428730106683872e+00
1.000000000000000194e-02,4.450000000000000000e+03,1.457000000000000000e+03,1.758384967726067771e+03,1.000273425026536156e+00,1.000289087646815123e+00
1.000000000000000194e-02,4.450000000000000000e+03,2.314000000000000000e+03,1.703582339912856924e+03,1.000204751957043836e+00,1.000208583362512282e+00
1.000000000000000194e-02,4.450000000000000000e+03,2.973000000000000000e+03,1.678303307385054040e+03,1.000181244869874586e+00,1.000180830167327617e+00
1.000000000000000194e-02,4.450000000000000000e+03,4.293000000000000000e+03,1.637032017775985651e+03,1.000157544676208543e+00,1.000153322496162289e+00
1.000000000000000194e-02,4.450000000000000000e+03,5.215000000000000000e+03,1.585618206418559794e+03,1.000148620551868817e+00,1.000140096191116656e+00
3.250000000000000805e-02,2.301000000000000000e+03,3.060000000000000000e+02,2.426790349680851705e+03,1.033590139662537100e+00,1.049460011103276580e+00
3.250000000000000805e-02,2.301000000000000000e+03,4.460000000000000000e+02,2.177502652554008819e+03,1.033555135249010659e+00,1.043334124938319674e+00
3.250000000000000805e-02,2.301000000000000000e+03,5.580000000000000000e+02,2.064826685620135777e+03,1.033447249677017954e+00,1.040688345679838811e+00
3.250000000000000805e-02,2.301000000000000000e+03,6.660000000000000000e+02,1.982704673112900537e+03,1.033242252561203722e+00,1.038662676632706283e+00
3.250000000000000805e-02,2.301000000000000000e+03,7.980000000000000000e+02,1.916294488361836102e+03,1.032852538085754057e+00,1.036813708714404481e+00
3.250000000000000805e-02,2.301000000000000000e+03,9.296999999999999318e+02,1.875313273894452323e+03,1.032337474444380954e+00,1.035399000861682017e+00
3.250000000000000805e-02,2.301000000000000000e+03,1.457000000000000000e+03,1.813148845245860002e+03,1.029768127088659169e+00,1.031442509727712453e+00
3.250000000000000805e-02,2.301000000000000000e+03,2.314000000000000000e+03,1.748648676487385501e+03,1.026207278898352504e+00,1.026667965810004191e+00
3.250000000000000805e-02,2.301000000000000000e+03,2.973000000000000000e+03,1.718901606239109469e+03,1.024355512457586492e+00,1.024375288983295551e+00
3.250000000000000805e-02,2.301000000000000000e+03,4.293000000000000000e+03,1.671875579911441491e+03,1.022056817343946156e+00,1.021441180069480925e+00
3.250000000000000805e-02,2.301000000000000000e+03,5.215000000000000000e+03,1.616825487258721751e+03,1.021067476768368953e+00,1.019824313195562215e+00
3.250000000000000805e-02,2.838250000000000000e+03,3.060000000000000000e+02,2.426532121629576523e+03,1.033515444593762656e+00,1.049348340965147841e+00
3.250000000000000805e-02,2.838250000000000000e+03,4.460000000000000000e+02,2.176186544815772322e+03,1.033071347795780914e+00,1.042703521749943851e+00
3.250000000000000805e-02,2.838250000000000000e+03,5.580000000000000000e+02,2.062249163126250551e+03,1.032386546074109290e+00,1.039389254749449876e+00
3.250000000000000805e-02,2.838250000000000000e+03,6.660000000000000000e+02,1.978875453086059679e+03,1.031526041942317118e+00,1.036656695622811375e+00
3.250000000000000805e-02,2.838250000000000000e+03,7.980000000000000000e+02,1.911062594500467867e+03,1.030335313563027100e+00,1.033982985508263841e+00
3.250000000000000805e-02,2.838250000000000000e+03,9.296999999999999318e+02,1.868895411107796008e+03,1.029109114509431322e+00,1.031855566914152034e+00
3.250000000000000805e-02,2.838250000000000000e+03,1.457000000000000000e+03,1.804027965991661404e+03,1.024862513279582776e+00,1.026253932621347786e+00
3.250000000000000805e-02,2.838250000000000000e+03,2.314000000000000000e+03,1.739137735397466940e+03,1.020721619167669347e+00,1.021083894708117557e+00
3.250000000000000805e-02,2.838250000000000000e+03,2.973000000000000000e+03,1.709759493663143303e+03,1.018911794353756672e+00,1.018927068923502155e+00
3.250000000000000805e-02,2.838250000000000000e+03,4.293000000000000000e+03,1.663605279710211789e+03,1.016856559895627399e+00,1.016388396657499804e+00
3.250000000000000805e-02,2.838250000000000000e+03,5.215000000000000000e+03,1.609303634779291087e+03,1.016020819601507030e+00,1.015079850605601797e+00
3.250000000000000805e-02,3.375500000000000000e+03,3.060000000000000000e+02,2.423112822895867794e+03,1.032525896762013229e+00,1.047869672942788544e+00
3.250000000000000805e-02,3.375500000000000000e+03,4.460000000000000000e+02,2.168980710373635702e+03,1.030420216948824796e+00,1.039250900021415180e+00
3.250000000000000805e-02,3.375500000000000000e+03,5.580000000000000000e+02,2.052787023997804226e+03,1.028488636106207998e+00,1.034620264700671033e+00
3.250000000000000805e-02,3.375500000000000000e+03,6.660000000000000000e+02,1.968062787623736767e+03,1.026674912064938550e+00,1.030992356297379953e+00
3.250000000000000805e-02,3.375500000000000000e+03,7.980000000000000000e+02,1.899276298227170400e+03,1.024659141100983550e+00,1.027605994067052331e+00
3.250000000000000805e-02,3.375500000000000000e+03,9.296999999999999318e+02,1.856585775725450048e+03,1.022911679747951608e+00,1.025059164225984532e+00
3.250000000000000805e-02,3.375500000000000000e+03,1.457000000000000000e+03,1.791531515292210770e+03,1.018137097326142104e+00,1.019145100654283320e+00
3.250000000000000805e-02,3.375500000000000000e+03,2.314000000000000000e+03,1.728277875240880121e+03,1.014456677686895958e+00,1.014707845198652647e+00
3.250000000000000805e-02,3.375500000000000000e+03,2.973000000000000000e+03,1.699864373179149652e+03,1.013019640855631121e+00,1.013030095607214687e+00
3.250000000000000805e-02,3.375500000000000000e+03,4.293000000000000000e+03,1.655045792535392366e+03,1.011476020711535861e+00,1.011158932942801458e+00
3.250000000000000805e-02,3.375500000000000000e+03,5.215000000000000000e+03,1.601622530064350485e+03,1.010870351963734537e+00,1.010234938521874737e+00
3.250000000000000805e-02,3.912750000000000000e+03,3.060000000000000000e+02,2.402052505294904677e+03,1.026411232235214577e+00,1.038762186115073094e+00
3.250000000000000805e-02,3.912750000000000000e+03,4.460000000000000000e+02,2.145892262048976136e+03,1.021898885735623264e+00,1.028188242531313579e+00
3.250000000000000805e-02,3.912750000000000000e+03,5.580000000000000000e+02,2.030150702147737093e+03,1.019137771814109028e+00,1.023211386414429880e+00
3.250000000000000805e-02,3.912750000000000000e+03,6.660000000000000000e+02,1.946651963731893602e+03,1.017046947837289883e+00,1.019776049625999548e+00
3.250000000000000805e-02,3.912750000000000000e+03,7.980000000000000000e+02,1.879387661113285276e+03,1.015063884708549802e+00,1.016845220223283608e+00
3.250000000000000805e-02,3.912750000000000000e+03,9.296999999999999318e+02,1.838007714017209082e+03,1.013544983264296873e+00,1.014801834531563474e+00
3.250000000000000805e-02,3.912750000000000000e+03,1.457000000000000000e+03,1.776455701268719849e+03,1.010016926396583692e+00,1.010568951214952937e+00
3.250000000000000805e-02,3.912750000000000000e+03,2.314000000000000000e+03,1.716583125603632425e+03,1.007708593392335095e+00,1.007841614730421220e+00
3.250000000000000805e-02,3.912750000000000000e+03,2.973000000000000000e+03,1.689543894682121845e+03,1.006874144755590450e+00,1.006879631203396963e+00
3.250000000000000805e-02,3.912750000000000000e+03,4.293000000000000000e+03,1.646348666092922713e+03,1.006010580181813774e+00,1.005845377793511908e+00
3.250000000000000805e-02,3.912750000000000000e+03,5.215000000000000000e+03,1.593877046132008445e+03,1.005679820322504137e+00,1.005349418783402227e+00
3.250000000000000805e-02,4.450000000000000000e+03,3.060000000000000000e+02,2.324559955982130759e+03,1.003614811709001353e+00,1.005250708012772165e+00
3.250000000000000805e-02,4.450000000000000000e+03,4.460000000000000000e+02,2.093806844201351396e+03,1.002524473379629244e+00,1.003231903769402411e+00
3.250000000000000805e-02,4.450000000000000000e+03,5.580000000000000000e+02,1.988983220398421508e+03,1.002037715494791703e+00,1.002462662671239402e+00
3.250000000000000805e-02,4.450000000000000000e+03,6.660000000000000000e+02,1.912709565401793270e+03,1.001723779640599554e+00,1.001994933366499030e+00
3.250000000000000805e-02,4.450000000000000000e+03,7.980000000000000000e+02,1.851263589807916560e+03,1.001458736399810645e+00,1.001628653640558086e+00
3.250000000000000805e-02,4.450000000000000000e+03,9.296999999999999318e+02,1.813715985465647009e+03,1.001273284243203499e+00,1.001389871942903076e+00
3.250000000000000805e-02,4.450000000000000000e+03,1.457000000000000000e+03,1.759525171619258344e+03,1.000889178364382737e+00,1.000937713250983130e+00
3.250000000000000805e-02,4.450000000000000000e+03,2.314000000000000000e+03,1.704380427687945939e+03,1.000665750566288148e+00,1.000677157275389195e+00
3.250000000000000805e-02,4.450000000000000000e+03,2.973000000000000000e+03,1.678989480739967348e+03,1.000589286138543477e+00,1.000589753532214132e+00
3.250000000000000805e-02,4.450000000000000000e+03,4.293000000000000000e+03,1.637596504421745522e+03,1.000512201760664022e+00,1.000498198581743381e+00
3.250000000000000805e-02,4.450000000000000000e+03,5.215000000000000000e+03,1.586117783669793653e+03,1.000483178366603498e+00,1.000455208138041341e+00
5.500000000000000722e-02,2.301000000000000000e+03,3.060000000000000000e+02,2.510628300073425180e+03,1.058198234933191317e+00,1.085715543585279885e+00
5.500000000000000722e-02,2.301000000000000000e+03,4.460000000000000000e+02,2.243774084907057386e+03,1.058136143925280992e+00,1.075087586547828433e+00
5.500000000000000722e-02,2.301000000000000000e+03,5.580000000000000000e+02,2.123917679174081059e+03,1.057944795324989418e+00,1.070470655621151845e+00
5.500000000000000722e-02,2.301000000000000000e+03,6.660000000000000000e+02,2.036669142753688675e+03,1.057581287827801697e+00,1.066932585530516953e+00
5.500000000000000722e-02,2.301000000000000000e+03,7.980000000000000000e+02,1.965983670462412192e+03,1.056890524696175948e+00,1.063698107479609245e+00
5.500000000000000722e-02,2.301000000000000000e+03,9.296999999999999318e+02,1.922080254597835392e+03,1.055978166974792298e+00,1.061220012085605013e+00
5.500000000000000722e-02,2.301000000000000000e+03,1.457000000000000000e+03,1.853293192551008815e+03,1.051436877814847959e+00,1.054279347665410205e+00
5.500000000000000722e-02,2.301000000000000000e+03,2.314000000000000000e+03,1.781435064593495099e+03,1.045170327547026767e+00,1.045917535398089404e+00
5.500000000000000722e-02,2.301000000000000000e+03,2.973000000000000000e+03,1.748512156240056356e+03,1.041923921648517881e+00,1.042021625227369741e+00
5.500000000000000722e-02,2.301000000000000000e+03,4.293000000000000000e+03,1.697069707893406076e+03,1.037905746360043180e+00,1.036833665088062517e+00
5.500000000000000722e-02,2.301000000000000000e+03,5.215000000000000000e+03,1.639327157151537676e+03,1.036180349769873388e+00,1.034017403436304106e+00
5.500000000000000722e-02,2.838250000000000000e+03,3.060000000000000000e+02,2.510165359657201407e+03,1.058065744164999877e+00,1.085515346046825647e+00
5.500000000000000722e-02,2.838250000000000000e+03,4.460000000000000000e+02,2.241425221882864662e+03,1.057278314700517807e+00,1.073962146381281846e+00
5.500000000000000722e-02,2.838250000000000000e+03,5.580000000000000000e+02,2.119329945663217586e+03,1.056065061295976326e+00,1.068158403057248851e+00
5.500000000000000722e-02,2.838250000000000000e+03,6.660000000000000000e+02,2.029869194660638414e+03,1.054542185836597756e+00,1.063370354411041996e+00
5.500000000000000722e-02,2.838250000000000000e+03,7.980000000000000000e+02,1.956714764140943316e+03,1.052437953401377024e+00,1.058683153255582932e+00
5.500000000000000722e-02,2.838250000000000000e+03,9.296999999999999318e+02,1.910732557354521987e+03,1.050274738247750417e+00,1.054954715214214911e+00
5.500000000000000722e-02,2.838250000000000000e+03,1.457000000000000000e+03,1.837257750218257343e+03,1.042811923092971771e+00,1.045157296308371953e+00
5.500000000000000722e-02,2.838250000000000000e+03,2.314000000000000000e+03,1.764817097500981390e+03,1.035577744456303018e+00,1.036160781682963217e+00
5.500000000000000722e-02,2.838250000000000000e+03,2.973000000000000000e+03,1.732541664081654972e+03,1.032429162979588755e+00,1.032504048735157109e+00
5.500000000000000722e-02,2.838250000000000000e+03,4.293000000000000000e+03,1.682699147313004914e+03,1.028863318773774793e+00,1.028053895508389326e+00
5.500000000000000722e-02,2.838250000000000000e+03,5.215000000000000000e+03,1.626283895954205946e+03,1.027416238984885544e+00,1.025790272557168814e+00
5.500000000000000722e-02,3.375500000000000000e+03,3.060000000000000000e+02,2.504042186358024082e+03,1.056311851537741431e+00,1.082867393569436398e+00
5.500000000000000722e-02,3.375500000000000000e+03,4.460000000000000000e+02,2.228601713397671119e+03,1.052587875704965370e+00,1.067817858112174001e+00
5.500000000000000722e-02,3.375500000000000000e+03,5.580000000000000000e+02,2.102559853625174583e+03,1.049181540729966500e+00,1.059706149189400426e+00
5.500000000000000722e-02,3.375500000000000000e+03,6.660000000000000000e+02,2.010771133442057589e+03,1.045991495171818109e+00,1.053365615100753105e+00
5.500000000000000722e-02,3.375500000000000000e+03,7.980000000000000000e+02,1.935968523602782398e+03,1.042455644756373978e+00,1.047458371926362819e+00
5.500000000000000722e-02,3.375500000000000000e+03,9.296999999999999318e+02,1.889124763172045277e+03,1.039398548991396609e+00,1.043024607952242500e+00
5.500000000000000722e-02,3.375500000000000000e+03,1.457000000000000000e+03,1.815476320601416774e+03,1.031083852219376595e+00,1.032766536173946870e+00
5.500000000000000722e-02,3.375500000000000000e+03,2.314000000000000000e+03,1.746000461280927766e+03,1.024712480958480887e+00,1.025113143646124714e+00
5.500000000000000722e-02,3.375500000000000000e+03,2.973000000000000000e+03,1.715393224721473189e+03,1.022233643484740995e+00,1.022284477433671457e+00
5.500000000000000722e-02,3.375500000000000000e+03,4.293000000000000000e+03,1.667932803065208418e+03,1.019576492132022061e+00,1.019032319815190712e+00
5.500000000000000722e-02,3.375500000000000000e+03,5.215000000000000000e+03,1.613053550188814370e+03,1.018535471313467555e+00,1.017445136740187994e+00
5.500000000000000722e-02,3.912750000000000000e+03,3.060000000000000000e+02,2.466604826352414420e+03,1.045528404661072441e+00,1.066677691705683939e+00
5.500000000000000722e-02,3.912750000000000000e+03,4.460000000000000000e+02,2.187927955405677494e+03,1.037630154794167092e+00,1.048329330898323919e+00
5.500000000000000722e-02,3.912750000000000000e+03,5.580000000000000000e+02,2.062891637074737446e+03,1.032821862753025455e+00,1.039713066503360928e+00
5.500000000000000722e-02,3.912750000000000000e+03,6.660000000000000000e+02,1.973397395060638701e+03,1.029193211445757372e+00,1.033786951838680634e+00
5.500000000000000722e-02,3.912750000000000000e+03,7.980000000000000000e+02,1.901377262631176563e+03,1.025761389461159467e+00,1.028742723681850046e+00
5.500000000000000722e-02,3.912750000000000000e+03,9.296999999999999318e+02,1.856899840089631880e+03,1.023139263092038176e+00,1.025232565616251756e+00
5.500000000000000722e-02,3.912750000000000000e+03,1.457000000000000000e+03,1.789485059885964574e+03,1.017070099236426328e+00,1.017980937488198512e+00
5.500000000000000722e-02,3.912750000000000000e+03,2.314000000000000000e+03,1.725923423185893398e+03,1.013115304583355414e+00,1.013325497483875459e+00
5.500000000000000722e-02,3.912750000000000000e+03,2.973000000000000000e+03,1.697658051929451631e+03,1.011688795296999954e+00,1.011715243750921145e+00
5.500000000000000722e-02,3.912750000000000000e+03,4.293000000000000000e+03,1.653038982320831337e+03,1.010214254334768746e+00,1.009932861685844951e+00
5.500000000000000722e-02,3.912750000000000000e+03,5.215000000000000000e+03,1.599802531683125380e+03,1.009649948990969159e+00,1.009086961443472319e+00
5.500000000000000722e-02,4.450000000000000000e+03,3.060000000000000000e+02,2.332829945768000016e+03,1.006132721176066891e+00,1.008827046435925912e+00
5.500000000000000722e-02,4.450000000000000000e+03,4.460000000000000000e+02,2.098429270072088457e+03,1.004279665343302819e+00,1.005446704585043705e+00
5.500000000000000722e-02,4.450000000000000000e+03,5.580000000000000000e+02,1.992338135662463628e+03,1.003453313285795234e+00,1.004153565467269082e+00
5.500000000000000722e-02,4.450000000000000000e+03,6.660000000000000000e+02,1.915328152945705597e+03,1.002920651009377995e+00,1.003366710608082135e+00
5.500000000000000722e-02,4.450000000000000000e+03,7.980000000000000000e+02,1.853335902300745602e+03,1.002471126407244784e+00,1.002749881100301055e+00
5.500000000000000722e-02,4.450000000000000000e+03,9.296999999999999318e+02,1.815450332386059245e+03,1.002156689851024796e+00,1.002347440522798783e+00
5.500000000000000722e-02,4.450000000000000000e+03,1.457000000000000000e+03,1.760662561219317240e+03,1.001505690266253357e+00,1.001584737893609134e+00
5.500000000000000722e-02,4.450000000000000000e+03,2.314000000000000000e+03,1.705177307401939288e+03,1.001127174323910518e+00,1.001145021910499366e+00
5.500000000000000722e-02,4.450000000000000000e+03,2.973000000000000000e+03,1.679677696392767302e+03,1.000997660478105677e+00,1.000999893999626966e+00
5.500000000000000722e-02,4.450000000000000000e+03,4.293000000000000000e+03,1.638161584751052260e+03,1.000867110458010689e+00,1.000843437381410350e+00
5.500000000000000722e-02,4.450000000000000000e+03,5.215000000000000000e+03,1.586617856571881475e+03,1.000817960080832236e+00,1.000770632720309861e+00
7.750000000000001332e-02,2.301000000000000000e+03,3.060000000000000000e+02,2.598538937804928537e+03,1.084006665445122586e+00,1.123732300517716443e+00
7.750000000000001332e-02,2.301000000000000000e+03,4.460000000000000000e+02,2.313258853150368395e+03,1.083914856232655044e+00,1.108380694038028746e+00
7.750000000000001332e-02,2.301000000000000000e+03,5.580000000000000000e+02,2.185823172522471850e+03,1.083631953776013512e+00,1.101671494853759148e+00
7.750000000000001332e-02,2.301000000000000000e+03,6.660000000000000000e+02,2.093157504912013337e+03,1.083094645125599387e+00,1.096524664589798137e+00
7.750000000000001332e-02,2.301000000000000000e+03,7.980000000000000000e+02,2.017944544988048392e+03,1.082074063379449447e+00,1.091811608484887008e+00
7.750000000000001332e-02,2.301000000000000000e+03,9.296999999999999318e+02,1.970938108397546330e+03,1.080726987048263421e+00,1.088195437318644876e+00
7.750000000000001332e-02,2.301000000000000000e+03,1.457000000000000000e+03,1.895075475130791801e+03,1.074037153287591195e+00,1.078047954704618894e+00
7.750000000000001332e-02,2.301000000000000000e+03,2.314000000000000000e+03,1.815355743224444950e+03,1.064847398084836527e+00,1.065833070517978598e+00
7.750000000000001332e-02,2.301000000000000000e+03,2.973000000000000000e+03,1.779075194031976025e+03,1.060105467421152747e+00,1.060235594285671823e+00
7.750000000000001332e-02,2.301000000000000000e+03,4.293000000000000000e+03,1.723039932869929771e+03,1.054253953018208012e+00,1.052700310647952442e+00
7.750000000000001332e-02,2.301000000000000000e+03,5.215000000000000000e+03,1.662468579075149137e+03,1.051747316682781541e+00,1.048614021875087454e+00
7.750000000000001332e-02,2.838250000000000000e+03,3.060000000000000000e+02,2.597847329982027986e+03,1.083810767284440590e+00,1.123433216275191882e+00
7.750000000000001332e-02,2.838250000000000000e+03,4.460000000000000000e+02,2.309765157703091973e+03,1.082646938727512387e+00,1.106706715970534827e+00
7.750000000000001332e-02,2.838250000000000000e+03,5.580000000000000000e+02,2.179017809695871165e+03,1.080855240281714646e+00,1.098241540257042459e+00
7.750000000000001332e-02,2.838250000000000000e+03,6.660000000000000000e+02,2.083094049588063626e+03,1.078608875453409111e+00,1.091252807623557919e+00
7.750000000000001332e-02,2.838250000000000000e+03,7.980000000000000000e+02,2.004260133484425751e+03,1.075509668534656793e+00,1.084407639246957489e+00
7.750000000000001332e-02,2.838250000000000000e+03,9.296999999999999318e+02,1.954218211310587776e+03,1.072329268224036181e+00,1.078964038501531109e+00
7.750000000000001332e-02,2.838250000000000000e+03,1.457000000000000000e+03,1.871587376068295498e+03,1.061401271569468729e+00,1.064686324792503580e+00
7.750000000000001332e-02,2.838250000000000000e+03,2.314000000000000000e+03,1.791174334849543357e+03,1.050872704678503133e+00,1.051635663296905721e+00
7.750000000000001332e-02,2.838250000000000000e+03,2.973000000000000000e+03,1.755874106581067963e+03,1.046310009360799098e+00,1.046408961873447119e+00
7.750000000000001332e-02,2.838250000000000000e+03,4.293000000000000000e+03,1.702240268096177942e+03,1.041157010601726274e+00,1.039992646042506186e+00
7.750000000000001332e-02,2.838250000000000000e+03,5.215000000000000000e+03,1.643629736748919413e+03,1.039070173796790675e+00,1.036731286485184311e+00
7.750000000000001332e-02,3.375500000000000000e+03,3.060000000000000000e+02,2.588710272777405862e+03,1.081219545665792703e+00,1.119481916503180186e+00
7.750000000000001332e-02,3.375500000000000000e+03,4.460000000000000000e+02,2.290748505505701814e+03,1.075730300338436418e+00,1.097595029168983105e+00
7.750000000000001332e-02,3.375500000000000000e+03,5.580000000000000000e+02,2.154251616170888155e+03,1.070724213393797974e+00,1.085759190456065948e+00
7.750000000000001332e-02,3.375500000000000000e+03,6.660000000000000000e+02,2.054988241279809245e+03,1.066048887923486177e+00,1.076529256263513812e+00
7.750000000000001332e-02,3.375500000000000000e+03,7.980000000000000000e+02,1.973835842931648358e+03,1.060881262117204793e+00,1.067946535948583131e+00
7.750000000000001332e-02,3.375500000000000000e+03,9.296999999999999318e+02,1.922619632058197794e+03,1.056425581503102729e+00,1.061517813467017346e+00
7.750000000000001332e-02,3.375500000000000000e+03,1.457000000000000000e+03,1.839965329254789140e+03,1.044364113027241636e+00,1.046697551607350452e+00
7.750000000000001332e-02,3.375500000000000000e+03,2.314000000000000000e+03,1.764027762517161818e+03,1.035177767219824796e+00,1.035697346715678480e+00
7.750000000000001332e-02,3.375500000000000000e+03,2.973000000000000000e+03,1.731164622746694704e+03,1.031616798071593122e+00,1.031683404254797098e+00
7.750000000000001332e-02,3.375500000000000000e+03,4.293000000000000000e+03,1.681024659836771662e+03,1.027807757326146598e+00,1.027030858576522876e+00
7.750000000000001332e-02,3.375500000000000000e+03,5.215000000000000000e+03,1.624651198831816828e+03,1.026317723335031795e+00,1.024760437095878496e+00
7.750000000000001332e-02,3.912750000000000000e+03,3.060000000000000000e+02,2.533272465725211532e+03,1.065371216790651276e+00,1.095507961928905427e+00
7.750000000000001332e-02,3.912750000000000000e+03,4.460000000000000000e+02,2.231061946699641794e+03,1.053853335582109585e+00,1.068996660515121766e+00
7.750000000000001332e-02,3.912750000000000000e+03,5.580000000000000000e+02,2.096349873132563516e+03,1.046878431009169663e+00,1.056576271814913426e+00
7.750000000000001332e-02,3.912750000000000000e+03,6.660000000000000000e+02,2.000652009292447246e+03,1.041633099532667028e+00,1.048064595379085917e+00
7.750000000000001332e-02,3.912750000000000000e+03,7.980000000000000000e+02,1.923729063592394368e+03,1.036686772426771430e+00,1.040836195636078543e+00
7.750000000000001332e-02,3.912750000000000000e+03,9.296999999999999318e+02,1.876067890806520836e+03,1.032916918866622513e+00,1.035815640368086488e+00
7.750000000000001332e-02,3.912750000000000000e+03,1.457000000000000000e+03,1.802651095909157902e+03,1.024222472564686015e+00,1.025470675175501611e+00
7.750000000000001332e-02,3.912750000000000000e+03,2.314000000000000000e+03,1.735333444096820358e+03,1.018580346555594929e+00,1.018850316252078558e+00
7.750000000000001332e-02,3.912750000000000000e+03,2.973000000000000000e+03,1.705827936486547969e+03,1.016549712272627692e+00,1.016584066855023671e+00
7.750000000000001332e-02,3.912750000000000000e+03,4.293000000000000000e+03,1.659785221202025923e+03,1.014453206496445548e+00,1.014054511817371607e+00
7.750000000000001332e-02,3.912750000000000000e+03,5.215000000000000000e+03,1.605773412221012222e+03,1.013651547698659172e+00,1.012853137318178165e+00
7.750000000000001332e-02,4.450000000000000000e+03,3.060000000000000000e+02,2.340985750123647449e+03,1.008663296486109306e+00,1.012354005627419173e+00
7.750000000000001332e-02,4.450000000000000000e+03,4.460000000000000000e+02,2.103011455861336799e+03,1.006041013968429931e+00,1.007642224666327024e+00
7.750000000000001332e-02,4.450000000000000000e+03,5.580000000000000000e+02,1.995669449296300172e+03,1.004872916419215834e+00,1.005832572862263463e+00
7.750000000000001332e-02,4.450000000000000000e+03,6.660000000000000000e+02,1.917931657770766151e+03,1.004120385871505094e+00,1.004730586593696184e+00
7.750000000000001332e-02,4.450000000000000000e+03,7.980000000000000000e+02,1.855398391978457767e+03,1.003485565367190580e+00,1.003865793912721571e+00
7.750000000000001332e-02,4.450000000000000000e+03,9.296999999999999318e+02,1.817177601306507768e+03,1.003041655661492060e+00,1.003301101193443845e+00
7.750000000000001332e-02,4.450000000000000000e+03,1.457000000000000000e+03,1.761796642683277696e+03,1.002122962134757156e+00,1.002229880643190851e+00
7.750000000000001332e-02,4.450000000000000000e+03,2.314000000000000000e+03,1.705972202772354422e+03,1.001589023818311830e+00,1.001611721496270535e+00
7.750000000000001332e-02,4.450000000000000000e+03,2.973000000000000000e+03,1.680364585851301626e+03,1.001406368296539950e+00,1.001409244124748632e+00
7.750000000000001332e-02,4.450000000000000000e+03,4.293000000000000000e+03,1.638727165903963623e+03,1.001222271036105171e+00,1.001188982161892893e+00
7.750000000000001332e-02,4.450000000000000000e+03,5.215000000000000000e+03,1.587118342864401939e+03,1.001152965919394067e+00,1.001086318051569002e+00
1.000000000000000056e-01,2.301000000000000000e+03,3.060000000000000000e+02,2.690756005835903579e+03,1.111105451756068119e+00,1.163611363516473540e+00
1.000000000000000056e-01,2.301000000000000000e+03,4.460000000000000000e+02,2.386148415800870680e+03,1.110980994750900175e+00,1.143305183326664531e+00
1.000000000000000056e-01,2.301000000000000000e+03,5.580000000000000000e+02,2.250712322118819884e+03,1.110597533593405295e+00,1.134376119516101511e+00
1.000000000000000056e-01,2.301000000000000000e+03,6.660000000000000000e+02,2.152322053376009990e+03,1.109869414354433204e+00,1.127518694665340826e+00
1.000000000000000056e-01,2.301000000000000000e+03,7.980000000000000000e+02,2.072313055607510705e+03,1.108487041485369362e+00,1.121227764234952184e+00
1.000000000000000056e-01,2.301000000000000000e+03,9.296999999999999318e+02,2.022009753657738656e+03,1.106663717642065503e+00,1.116393142315928122e+00
1.000000000000000056e-01,2.301000000000000000e+03,1.457000000000000000e+03,1.938589403372992138e+03,1.097630341435255064e+00,1.102801639694094060e+00
1.000000000000000056e-01,2.301000000000000000e+03,2.314000000000000000e+03,1.850494706930327993e+03,1.085279592271297666e+00,1.086463886115001998e+00
1.000000000000000056e-01,2.301000000000000000e+03,2.973000000000000000e+03,1.810571552952055981e+03,1.078932817479069328e+00,1.079005773831475556e+00
1.000000000000000056e-01,2.301000000000000000e+03,4.293000000000000000e+03,1.749816944746629360e+03,1.071125407463308310e+00,1.069059866908424583e+00
1.000000000000000056e-01,2.301000000000000000e+03,5.215000000000000000e+03,1.686272340362115983e+03,1.067789155791053712e+00,1.063628415634497282e+00
1.000000000000000056e-01,2.838250000000000000e+03,3.060000000000000000e+02,2.689809118922359630e+03,1.110839899502745753e+00,1.163201884407191633e+00
1.000000000000000056e-01,2.838250000000000000e+03,4.460000000000000000e+02,2.381385675227054435e+03,1.109262894940336031e+00,1.141023151769521515e+00
1.000000000000000056e-01,2.838250000000000000e+03,5.580000000000000000e+02,2.241460134929429387e+03,1.106837250824076024e+00,1.129712946840591759e+00
1.000000000000000056e-01,2.838250000000000000e+03,6.660000000000000000e+02,2.138672511064365608e+03,1.103799717078175702e+00,1.120368224731780105e+00
1.000000000000000056e-01,2.838250000000000000e+03,7.980000000000000000e+02,2.053797609462448690e+03,1.099615620112463610e+00,1.111209957210639310e+00
1.000000000000000056e-01,2.838250000000000000e+03,9.296999999999999318e+02,1.999433658970040142e+03,1.095329903496759405e+00,1.103928416444043048e+00
1.000000000000000056e-01,2.838250000000000000e+03,1.457000000000000000e+03,1.907065364340709948e+03,1.080665402823351551e+00,1.084868620007669815e+00
1.000000000000000056e-01,2.838250000000000000e+03,2.314000000000000000e+03,1.818255140178970350e+03,1.066626235429998903e+00,1.067535366704401634e+00
1.000000000000000056e-01,2.838250000000000000e+03,2.973000000000000000e+03,1.779727313651502300e+03,1.060569193996796056e+00,1.060624223408641598e+00
1.000000000000000056e-01,2.838250000000000000e+03,4.293000000000000000e+03,1.722240277455711066e+03,1.053748045286978519e+00,1.052211756966229483e+00
1.000000000000000056e-01,2.838250000000000000e+03,5.215000000000000000e+03,1.661349316360083321e+03,1.050991521951447627e+00,1.047908038861662394e+00
1.000000000000000056e-01,3.375500000000000000e+03,3.060000000000000000e+02,2.677314717757672952e+03,1.107330246825218856e+00,1.157798708814893329e+00
1.000000000000000056e-01,3.375500000000000000e+03,4.460000000000000000e+02,2.355542477267325012e+03,1.099913230454463209e+00,1.128640576576193100e+00
1.000000000000000056e-01,3.375500000000000000e+03,5.580000000000000000e+02,2.207945131002531070e+03,1.093170095852281198e+00,1.112821130091496524e+00
1.000000000000000056e-01,3.375500000000000000e+03,6.660000000000000000e+02,2.100773181876847048e+03,1.086890539631057084e+00,1.100514224673017738e+00
1.000000000000000056e-01,3.375500000000000000e+03,7.980000000000000000e+02,2.012918858528722694e+03,1.079969952563873070e+00,1.089092454070795135e+00
1.000000000000000056e-01,3.375500000000000000e+03,9.296999999999999318e+02,1.957099393942063443e+03,1.074019765645074953e+00,1.080554798647826331e+00
1.000000000000000056e-01,3.375500000000000000e+03,1.457000000000000000e+03,1.865012389626885579e+03,1.057990934465493860e+00,1.060946024852796210e+00
1.000000000000000056e-01,3.375500000000000000e+03,2.314000000000000000e+03,1.782380179673692737e+03,1.045859020983182841e+00,1.046472432096259730e+00
1.000000000000000056e-01,3.375500000000000000e+03,2.973000000000000000e+03,1.747151136755831203e+03,1.041173805741335112e+00,1.041210528930522461e+00
1.000000000000000056e-01,3.375500000000000000e+03,4.293000000000000000e+03,1.694323460704860736e+03,1.036173009856921956e+00,1.035155830922209974e+00
1.000000000000000056e-01,3.375500000000000000e+03,5.215000000000000000e+03,1.636416648066241123e+03,1.034219813602710536e+00,1.032181578882353845e+00
1.000000000000000056e-01,3.912750000000000000e+03,3.060000000000000000e+02,2.602108995063523253e+03,1.085981783085983476e+00,1.125276163724003187e+00
1.000000000000000056e-01,3.912750000000000000e+03,4.460000000000000000e+02,2.275309006871784277e+03,1.070591867452580948e+00,1.090197308767673290e+00
1.000000000000000056e-01,3.912750000000000000e+03,5.580000000000000000e+02,2.130530095505012014e+03,1.061322894518925031e+00,1.073803363717335868e+00
1.000000000000000056e-01,3.912750000000000000e+03,6.660000000000000000e+02,2.028417064648402402e+03,1.054377389507545892e+00,1.062609639380820425e+00
1.000000000000000056e-01,3.912750000000000000e+03,7.980000000000000000e+02,1.946442419883398543e+03,1.047847393385874737e+00,1.053125287587472370e+00
1.000000000000000056e-01,3.912750000000000000e+03,9.296999999999999318e+02,1.895510267171940313e+03,1.042883258624803355e+00,1.046550175948548267e+00
1.000000000000000056e-01,3.912750000000000000e+03,1.457000000000000000e+03,1.815953375798540264e+03,1.031476154035013915e+00,1.033037917649929804e+00
1.000000000000000056e-01,3.912750000000000000e+03,2.314000000000000000e+03,1.744820388597800957e+03,1.024104668388846617e+00,1.024420298458075029e+00
1.000000000000000056e-01,3.912750000000000000e+03,2.973000000000000000e+03,1.714037172354077029e+03,1.021457565798886691e+00,1.021476341278183542e+00
1.000000000000000056e-01,3.912750000000000000e+03,4.293000000000000000e+03,1.666586647257828417e+03,1.018727882627468384e+00,1.018209878843524541e+00
1.000000000000000056e-01,3.912750000000000000e+03,5.215000000000000000e+03,1.611788938613911796e+03,1.017684992115066356e+00,1.016647473887271946e+00
1.000000000000000056e-01,4.450000000000000000e+03,3.060000000000000000e+02,2.349023770648273057e+03,1.011206633449614367e+00,1.015830029466944895e+00
1.000000000000000056e-01,4.450000000000000000e+03,4.460000000000000000e+02,2.107551016910180806e+03,1.007808551705371869e+00,1.009817321421752068e+00
1.000000000000000056e-01,4.450000000000000000e+03,5.580000000000000000e+02,1.998975584028617277e+03,1.006296541918423104e+00,1.007498889899490546e+00
1.000000000000000056e-01,4.450000000000000000e+03,6.660000000000000000e+02,1.920518974500628929e+03,1.005322994515573276e+00,1.006085982259212530e+00
1.000000000000000056e-01,4.450000000000000000e+03,7.980000000000000000e+02,1.857450264469928698e+03,1.004502059506189982e+00,1.004975962282255386e+00
1.000000000000000056e-01,4.450000000000000000e+03,9.296999999999999318e+02,1.818897161833032897e+03,1.003928185811522766e+00,1.004250505901377100e+00
1.000000000000000056e-01,4.450000000000000000e+03,1.457000000000000000e+03,1.762927211314324722e+03,1.002740995375962507e+00,1.002873025054243694e+00
1.000000000000000056e-01,4.450000000000000000e+03,2.314000000000000000e+03,1.706765655180908425e+03,1.002051299638978543e+00,1.002077573889155637e+00
1.000000000000000056e-01,4.450000000000000000e+03,2.973000000000000000e+03,1.681048746350555120e+03,1.001815410002492301e+00,1.001816967933133018e+00
1.000000000000000056e-01,4.450000000000000000e+03,4.293000000000000000e+03,1.639293129218066724e+03,1.001577683763184456e+00,1.001534760425766057e+00
1.000000000000000056e-01,4.450000000000000000e+03,5.215000000000000000e+03,1.587619137469853285e+03,1.001488196107429118e+00,1.001402197853428211e+00
1.000000000000000194e-02,4.550000000000000000e+03,3.060000000000000000e+02,2.308299222955056848e+03,9.987840994597123601e-01,9.982187907046352615e-01
1.000000000000000194e-02,4.550000000000000000e+03,4.460000000000000000e+02,2.084857537604900699e+03,9.991799376579635350e-01,9.989439103859448776e-01
1.000000000000000194e-02,4.550000000000000000e+03,5.580000000000000000e+02,1.982525686992420106e+03,9.993479448004140009e-01,9.992080167465884344e-01
1.000000000000000194e-02,4.550000000000000000e+03,6.660000000000000000e+02,1.907689106710241958e+03,9.994535847820541496e-01,9.993649082633131453e-01
1.000000000000000194e-02,4.550000000000000000e+03,7.980000000000000000e+02,1.847303045620085641e+03,9.995411515421209758e-01,9.994857958841688594e-01
1.000000000000000194e-02,4.550000000000000000e+03,9.296999999999999318e+02,1.810408289093956682e+03,9.996015552649070157e-01,9.995636247947188302e-01
1.000000000000000194e-02,4.550000000000000000e+03,1.457000000000000000e+03,1.757364677195671902e+03,9.997244519985887257e-01,9.997086769275946860e-01
1.000000000000000194e-02,4.550000000000000000e+03,2.314000000000000000e+03,1.702870738023887270e+03,9.997946284935024241e-01,9.997907871101041621e-01
1.000000000000000194e-02,4.550000000000000000e+03,2.973000000000000000e+03,1.677695912381205289e+03,9.998184392985997038e-01,9.998188545717867637e-01
1.000000000000000194e-02,4.550000000000000000e+03,4.293000000000000000e+03,1.636529928255581126e+03,9.998423444195619902e-01,9.998465682625430340e-01
1.000000000000000194e-02,4.550000000000000000e+03,5.215000000000000000e+03,1.585173898892122679e+03,9.998513207003760783e-01,9.998598460209114913e-01
1.000000000000000194e-02,4.787500000000000000e+03,3.060000000000000000e+02,2.283186505101619787e+03,9.913409204990548673e-01,9.873588525312502195e-01
1.000000000000000194e-02,4.787500000000000000e+03,4.460000000000000000e+02,2.072671516418544797e+03,9.946390261187386672e-01,9.931050693925554951e-01
1.000000000000000194e-02,4.787500000000000000e+03,5.580000000000000000e+02,1.974196592271271129e+03,9.958886581295086637e-01,9.950100896921151294e-01
1.000000000000000194e-02,4.787500000000000000e+03,6.660000000000000000e+02,1.901430125416547753e+03,9.966310194343015461e-01,9.960860688316717226e-01
1.000000000000000194e-02,4.787500000000000000e+03,7.980000000000000000e+02,1.842500526046397908e+03,9.972216910923803468e-01,9.968873862135209096e-01
1.000000000000000194e-02,4.787500000000000000e+03,9.296999999999999318e+02,1.806471357253869428e+03,9.976163820408319172e-01,9.973899638120811151e-01
1.000000000000000194e-02,4.787500000000000000e+03,1.457000000000000000e+03,1.754881640561034601e+03,9.983882960504142368e-01,9.982961566345743831e-01
1.000000000000000194e-02,4.787500000000000000e+03,2.314000000000000000e+03,1.701164576616065460e+03,9.988112765711230079e-01,9.987890643023926707e-01
1.000000000000000194e-02,4.787500000000000000e+03,2.973000000000000000e+03,1.676245458931635540e+03,9.989520654796155696e-01,9.989544603178244220e-01
1.000000000000000194e-02,4.787500000000000000e+03,4.293000000000000000e+03,1.635334843166913515e+03,9.990921188899215544e-01,9.991164247411472576e-01
1.000000000000000194e-02,4.787500000000000000e+03,5.215000000000000000e+03,1.584117347954050501e+03,9.991443906174215517e-01,9.991934189121933763e-01
1.000000000000000194e-02,5.025000000000000000e+03,3.060000000000000000e+02,2.247170083724436608e+03,9.805755028581896182e-01,9.717836323712681912e-01
1.000000000000000194e-02,5.025000000000000000e+03,4.460000000000000000e+02,2.057447316536120525e+03,9.889492711939483760e-01,9.858105077792390647e-01
1.000000000000000194e-02,5.025000000000000000e+03,5.580000000000000000e+02,1.964409051591342632e+03,9.918170677186345374e-01,9.900770947877948203e-01
1.000000000000000194e-02,5.025000000000000000e+03,6.660000000000000000e+02,1.894353758398081936e+03,9.934367260728862448e-01,9.923790324747665537e-01
1.000000000000000194e-02,5.025000000000000000e+03,7.980000000000000000e+02,1.837239633049936401e+03,9.946793602621222252e-01,9.940409729863588506e-01
1.000000000000000194e-02,5.025000000000000000e+03,9.296999999999999318e+02,1.802249170722802774e+03,9.954865365780831699e-01,9.950588078518615154e-01
1.000000000000000194e-02,5.025000000000000000e+03,1.457000000000000000e+03,1.752322655879323747e+03,9.970110574365159684e-01,9.968404319215264930e-01
1.000000000000000194e-02,5.025000000000000000e+03,2.314000000000000000e+03,1.699438518676821332e+03,9.978164204080143262e-01,9.977756598277364164e-01
1.000000000000000194e-02,5.025000000000000000e+03,2.973000000000000000e+03,1.674785402512979317e+03,9.980799591562520279e-01,9.980843431974703028e-01
1.000000000000000194e-02,5.025000000000000000e+03,4.293000000000000000e+03,1.634136683828946161e+03,9.983399937363682808e-01,9.983844029909704210e-01
1.000000000000000194e-02,5.025000000000000000e+03,5.215000000000000000e+03,1.583059311437651104e+03,9.984365240013405307e-01,9.985260547642529350e-01
1.000000000000000194e-02,5.262500000000000000e+03,3.060000000000000000e+02,2.198093632665320911e+03,9.657321392740165766e-01,9.505606318429439261e-01
1.000000000000000194e-02,5.262500000000000000e+03,4.460000000000000000e+02,2.038972479464384833e+03,9.820195865714907990e-01,9.769584276465196337e-01
1.000000000000000194e-02,5.262500000000000000e+03,5.580000000000000000e+02,1.953147553433121175e+03,9.871235039427369573e-01,9.844012141098791302e-01
1.000000000000000194e-02,5.262500000000000000e+03,6.660000000000000000e+02,1.886482052267379686e+03,9.898795205806041331e-01,9.882553485644721691e-01
1.000000000000000194e-02,5.262500000000000000e+03,7.980000000000000000e+02,1.831546942307804557e+03,9.919266051697835929e-01,9.909609350085011314e-01
1.000000000000000194e-02,5.262500000000000000e+03,9.296999999999999318e+02,1.797764287095660166e+03,9.932232294985799959e-01,9.925826114258207156e-01
1.000000000000000194e-02,5.262500000000000000e+03,1.457000000000000000e+03,1.749696937790035008e+03,9.955976772669634656e-01,9.953467447027664061e-01
1.000000000000000194e-02,5.262500000000000000e+03,2.314000000000000000e+03,1.697695536912124908e+03,9.968117721956042399e-01,9.967523190235679786e-01
1.000000000000000194e-02,5.262500000000000000e+03,2.973000000000000000e+03,1.673317338430457767e+03,9.972030732686079091e-01,9.972094539290441428e-01
1.000000000000000194e-02,5.262500000000000000e+03,4.293000000000000000e+03,1.632936100097404051e+03,9.975863771431318083e-01,9.976509000447861819e-01
1.000000000000000194e-02,5.262500000000000000e+03,5.215000000000000000e+03,1.582000181618692295e+03,9.977279834909152934e-01,9.978580010078540452e-01
1.000000000000000194e-02,5.500000000000000000e+03,3.060000000000000000e+02,2.134361971641629680e+03,9.461499512716284865e-01,9.230000188322859955e-01
1.000000000000000194e-02,5.500000000000000000e+03,4.460000000000000000e+02,2.017120867974231487e+03,9.737876245062232483e-01,9.664883912836106372e-01
1.000000000000000194e-02,5.500000000000000000e+03,5.580000000000000000e+02,1.940424558947051537e+03,9.818094411367724872e-01,9.779887281729178206e-01
1.000000000000000194e-02,5.500000000000000000e+03,6.660000000000000000e+02,1.877846604615096567e+03,9.859724569855682352e-01,9.837315698625437310e-01
1.000000000000000194e-02,5.500000000000000000e+03,7.980000000000000000e+02,1.825450980914911042e+03,9.889768170182221541e-01,9.876627069029927375e-01
1.000000000000000194e-02,5.500000000000000000e+03,9.296999999999999318e+02,1.793038835978366706e+03,9.908374640471985240e-01,9.899735927442082639e-01
1.000000000000000194e-02,5.500000000000000000e+03,1.457000000000000000e+03,1.747012601256314838e+03,9.941525072796680851e-01,9.938197113218314449e-01
1.000000000000000194e-02,5.500000000000000000e+03,2.314000000000000000e+03,1.695938150018783062e+03,9.957987826714852497e-01,9.957205206691078780e-01
1.000000000000000194e-02,5.500000000000000000e+03,2.973000000000000000e+03,1.671842604956563719e+03,9.963222072695738785e-01,9.963305900528279802e-01
1.000000000000000194e-02,5.500000000000000000e+03,4.293000000000000000e+03,1.631733632836973584e+03,9.968316087508402035e-01,9.969162463467197144e-01
1.000000000000000194e-02,5.500000000000000000e+03,5.215000000000000000e+03,1.580940284079845924e+03,9.970189870355388173e-01,9.971894630066104881e-01
3.250000000000000805e-02,4.550000000000000000e+03,3.060000000000000000e+02,2.299225951502781299e+03,9.960591046518272318e-01,9.942950749373048458e-01
3.250000000000000805e-02,4.550000000000000000e+03,4.460000000000000000e+02,2.079963864514700163e+03,9.973397060039623785e-01,9.965991434919482250e-01
3.250000000000000805e-02,4.550000000000000000e+03,5.580000000000000000e+02,1.979027384478193653e+03,9.978839251459712401e-01,9.974448456864835055e-01
3.250000000000000805e-02,4.550000000000000000e+03,6.660000000000000000e+02,1.904985239893242124e+03,9.982263311508902115e-01,9.979484564924127055e-01
3.250000000000000805e-02,4.550000000000000000e+03,7.980000000000000000e+02,1.845180379414057597e+03,9.985102805117451741e-01,9.983373244802167257e-01
3.250000000000000805e-02,4.550000000000000000e+03,9.296999999999999318e+02,1.808641385604881179e+03,9.987062144905027861e-01,9.985880810641459826e-01
3.250000000000000805e-02,4.550000000000000000e+03,1.457000000000000000e+03,1.756217816244354253e+03,9.991050238654046733e-01,9.990562643355246353e-01
3.250000000000000805e-02,4.550000000000000000e+03,2.314000000000000000e+03,1.702071326032839124e+03,9.993328508840760849e-01,9.993214357225274069e-01
3.250000000000000805e-02,4.550000000000000000e+03,2.973000000000000000e+03,1.677009353374669899e+03,9.994101686733750656e-01,9.994097013787412997e-01
3.250000000000000805e-02,4.550000000000000000e+03,4.293000000000000000e+03,1.635965601989641755e+03,9.994878010533764234e-01,9.995017901618569178e-01
3.250000000000000805e-02,4.550000000000000000e+03,5.215000000000000000e+03,1.584674570325406194e+03,9.995169538688836175e-01,9.995448909335359344e-01
3.250000000000000805e-02,4.787500000000000000e+03,3.060000000000000000e+02,2.220985205033665352e+03,9.723958022435281734e-01,9.604600406629162368e-01
3.250000000000000805e-02,4.787500000000000000e+03,4.460000000000000000e+02,2.041315674811361532e+03,9.827844916399104402e-01,9.780811521878789438e-01
3.250000000000000805e-02,4.787500000000000000e+03,5.580000000000000000e+02,1.952451435694557631e+03,9.867606101510113525e-01,9.840503654779869658e-01
3.250000000000000805e-02,4.787500000000000000e+03,6.660000000000000000e+02,1.884942108765108514e+03,9.891331858542331545e-01,9.874486314262002074e-01
3.250000000000000805e-02,4.787500000000000000e+03,7.980000000000000000e+02,1.829758853909235768e+03,9.910265905826968202e-01,9.899934873769974386e-01
3.250000000000000805e-02,4.787500000000000000e+03,9.296999999999999318e+02,1.795977198206677485e+03,9.922945669520456535e-01,9.915959229210989934e-01
3.250000000000000805e-02,4.787500000000000000e+03,1.457000000000000000e+03,1.748204670329545024e+03,9.947808884050811651e-01,9.944978413715983567e-01
3.250000000000000805e-02,4.787500000000000000e+03,2.314000000000000000e+03,1.696552538824946851e+03,9.961469543189155340e-01,9.960812411010174783e-01
3.250000000000000805e-02,4.787500000000000000e+03,2.973000000000000000e+03,1.672293903063559810e+03,9.966022242633459927e-01,9.965995400771304746e-01
3.250000000000000805e-02,4.787500000000000000e+03,4.293000000000000000e+03,1.632092721809419345e+03,9.970554014194584758e-01,9.971356336433415679e-01
3.250000000000000805e-02,4.787500000000000000e+03,5.215000000000000000e+03,1.581249940245665812e+03,9.972246124637569320e-01,9.973847808619527022e-01
3.250000000000000805e-02,5.025000000000000000e+03,3.060000000000000000e+02,2.114958286157930615e+03,9.395139349345774660e-01,9.146089388257887531e-01
3.250000000000000805e-02,5.025000000000000000e+03,4.460000000000000000e+02,1.994401279852176003e+03,9.649564588861508918e-01,9.556024704033393435e-01
3.250000000000000805e-02,5.025000000000000000e+03,5.580000000000000000e+02,1.921844635664471298e+03,9.738862656550186792e-01,9.686243056000859442e-01
3.250000000000000805e-02,5.025000000000000000e+03,6.660000000000000000e+02,1.862629332923248967e+03,9.789797731275714510e-01,9.757598268385631046e-01
3.250000000000000805e-02,5.025000000000000000e+03,7.980000000000000000e+02,1.813068506022586007e+03,9.829124830260221879e-01,9.809631522186031960e-01
3.250000000000000805e-02,5.025000000000000000e+03,9.296999999999999318e+02,1.782530887447397845e+03,9.854787118107036781e-01,9.841719383958247303e-01
3.250000000000000805e-02,5.025000000000000000e+03,1.457000000000000000e+03,1.739999150725868276e+03,9.903508285122415433e-01,9.898299831558605710e-01
3.250000000000000805e-02,5.025000000000000000e+03,2.314000000000000000e+03,1.690994525592515174e+03,9.929380620093187781e-01,9.928180160655871722e-01
3.250000000000000805e-02,5.025000000000000000e+03,2.973000000000000000e+03,1.667565760322897631e+03,9.937867092448726680e-01,9.937818147525744328e-01
3.250000000000000805e-02,5.025000000000000000e+03,4.293000000000000000e+03,1.628222596813055816e+03,9.946250551380063643e-01,9.947711604188977930e-01
3.250000000000000805e-02,5.025000000000000000e+03,5.215000000000000000e+03,1.577830744729835715e+03,9.949365154366713870e-01,9.952280986806710805e-01
3.250000000000000805e-02,5.262500000000000000e+03,3.060000000000000000e+02,1.981100171959071531e+03,8.966017365460851041e-01,8.567222993672658493e-01
3.250000000000000805e-02,5.262500000000000000e+03,4.460000000000000000e+02,1.939417755815076134e+03,9.438358300955352886e-01,9.292575257163661062e-01
3.250000000000000805e-02,5.262500000000000000e+03,5.580000000000000000e+02,1.887434412544797169e+03,9.593296926805496838e-01,9.512812915726723828e-01
3.250000000000000805e-02,5.262500000000000000e+03,6.660000000000000000e+02,1.838232012651874811e+03,9.678407428619821840e-01,9.629790096450748793e-01
3.250000000000000805e-02,5.262500000000000000e+03,7.980000000000000000e+02,1.795242975879851656e+03,9.742295898676505139e-01,9.713186251746998012e-01
3.250000000000000805e-02,5.262500000000000000e+03,9.296999999999999318e+02,1.768399177231927297e+03,9.783062759954103127e-01,9.763695307441266902e-01
3.250000000000000805e-02,5.262500000000000000e+03,1.457000000000000000e+03,1.731634736883758023e+03,9.858327806294039375e-01,9.850717350791354798e-01
3.250000000000000805e-02,5.262500000000000000e+03,2.314000000000000000e+03,1.685407493320911726e+03,9.897120603003641826e-01,9.895377533493940891e-01
3.250000000000000805e-02,5.262500000000000000e+03,2.973000000000000000e+03,1.662830317610053498e+03,9.909668346019602225e-01,9.909597390271074335e-01
3.250000000000000805e-02,5.262500000000000000e+03,4.293000000000000000e+03,1.624357350989424958e+03,9.921980951409417049e-01,9.924096681507008633e-01
3.250000000000000805e-02,5.262500000000000000e+03,5.215000000000000000e+03,1.574418242945574320e+03,9.926535019165660945e-01,9.930756386187546969e-01
3.250000000000000805e-02,5.500000000000000000e+03,3.060000000000000000e+02,1.823318888164449163e+03,8.439007358409991166e-01,7.884901391953870187e-01
3.250000000000000805e-02,5.500000000000000000e+03,4.460000000000000000e+02,1.876989454990818331e+03,9.195542940126789633e-01,8.993454718617048815e-01
3.250000000000000805e-02,5.500000000000000000e+03,5.580000000000000000e+02,1.849558285237695827e+03,9.432052233327136159e-01,9.321914354881419840e-01
3.250000000000000805e-02,5.500000000000000000e+03,6.660000000000000000e+02,1.811966683272103637e+03,9.558053553310740247e-01,9.492196143674105357e-01
3.250000000000000805e-02,5.500000000000000000e+03,7.980000000000000000e+02,1.776419748798940873e+03,9.650416967983028727e-01,9.611342928613421099e-01
3.250000000000000805e-02,5.500000000000000000e+03,9.296999999999999318e+02,1.753675236417118185e+03,9.708232572998408694e-01,9.682401404067243478e-01
3.250000000000000805e-02,5.500000000000000000e+03,1.457000000000000000e+03,1.723140700477077189e+03,9.812424392339897938e-01,9.802397488624510213e-01
3.250000000000000805e-02,5.500000000000000000e+03,2.314000000000000000e+03,1.679800028585032351e+03,9.864739023529268680e-01,9.862454943089440373e-01
3.250000000000000805e-02,5.500000000000000000e+03,2.973000000000000000e+03,1.658092061160298954e+03,9.881452718999768070e-01,9.881359864618782796e-01
3.250000000000000805e-02,5.500000000000000000e+03,4.293000000000000000e+03,1.620498731462971591e+03,9.897756168439999502e-01,9.900522242536207163e-01
3.250000000000000805e-02,5.500000000000000000e+03,5.215000000000000000e+03,1.571013465042625512e+03,9.903762569964865703e-01,9.909280504505687537e-01
5.500000000000000722e-02,4.550000000000000000e+03,3.060000000000000000e+02,2.290403971806576010e+03,9.933489386592678771e-01,9.904800297228922856e-01
5.500000000000000722e-02,4.550000000000000000e+03,4.460000000000000000e+02,2.075153745902169703e+03,9.955062403525736237e-01,9.942944111015800113e-01
5.500000000000000722e-02,4.550000000000000000e+03,5.580000000000000000e+02,1.975575753164871003e+03,9.964241887207954118e-01,9.957051972664129336e-01
5.500000000000000722e-02,4.550000000000000000e+03,6.660000000000000000e+02,1.902310647017513247e+03,9.970020877731805564e-01,9.965473402127774660e-01
5.500000000000000722e-02,4.550000000000000000e+03,7.980000000000000000e+02,1.843076488443728977e+03,9.974815336564557544e-01,9.971990114427764507e-01
5.500000000000000722e-02,4.550000000000000000e+03,9.296999999999999318e+02,1.806887837154102954e+03,9.978124761900403206e-01,9.976199109246962626e-01
5.500000000000000722e-02,4.550000000000000000e+03,1.457000000000000000e+03,1.755076753426676532e+03,9.984863628508483524e-01,9.984071501166293938e-01
5.500000000000000722e-02,4.550000000000000000e+03,2.314000000000000000e+03,1.701274618159609417e+03,9.988714996424473691e-01,9.988536719786994533e-01
5.500000000000000722e-02,4.550000000000000000e+03,2.973000000000000000e+03,1.676321877871478364e+03,9.990022313423961853e-01,9.990000020017120175e-01
5.500000000000000722e-02,4.550000000000000000e+03,4.293000000000000000e+03,1.635401461015373343e+03,9.991335090396995522e-01,9.991571252660919056e-01
5.500000000000000722e-02,4.550000000000000000e+03,5.215000000000000000e+03,1.584175375917817973e+03,9.991828105982344388e-01,9.992300204679961384e-01
5.500000000000000722e-02,4.787500000000000000e+03,3.060000000000000000e+02,2.163236241810473530e+03,9.541612104962332586e-01,9.354866318172020412e-01
5.500000000000000722e-02,4.787500000000000000e+03,4.460000000000000000e+02,2.011268409484290260e+03,9.712092038313268061e-01,9.636842295296954575e-01
5.500000000000000722e-02,4.787500000000000000e+03,5.580000000000000000e+02,1.931387777710513774e+03,9.777983728687769105e-01,9.734341217350904740e-01
5.500000000000000722e-02,4.787500000000000000e+03,6.660000000000000000e+02,1.868866593717877322e+03,9.817473249721420103e-01,9.790272877366270610e-01
5.500000000000000722e-02,4.787500000000000000e+03,7.980000000000000000e+02,1.817274226512455243e+03,9.849079872387895840e-01,9.832386629427639635e-01
5.500000000000000722e-02,4.787500000000000000e+03,9.296999999999999318e+02,1.785662271161614399e+03,9.870292293529395744e-01,9.859008397021548076e-01
5.500000000000000722e-02,4.787500000000000000e+03,1.457000000000000000e+03,1.741603128642798993e+03,9.911994557013000806e-01,9.907424350003546376e-01
5.500000000000000722e-02,4.787500000000000000e+03,2.314000000000000000e+03,1.691976638065972793e+03,9.934968083742925504e-01,9.933946347019542156e-01
5.500000000000000722e-02,4.787500000000000000e+03,2.973000000000000000e+03,1.668352475809875614e+03,9.942634121956377413e-01,9.942506559598870419e-01
5.500000000000000722e-02,4.787500000000000000e+03,4.293000000000000000e+03,1.628862265352082431e+03,9.950269710303453197e-01,9.951619692776475512e-01
5.500000000000000722e-02,4.787500000000000000e+03,5.215000000000000000e+03,1.578391863511830024e+03,9.953121975706589186e-01,9.955820283910684632e-01
5.500000000000000722e-02,5.025000000000000000e+03,3.060000000000000000e+02,1.999672614851899425e+03,9.017530545223437777e-01,8.647539103908903346e-01
5.500000000000000722e-02,5.025000000000000000e+03,4.460000000000000000e+02,1.935822340834780789e+03,9.421002466896790661e-01,9.275348094947089006e-01
5.500000000000000722e-02,5.025000000000000000e+03,5.580000000000000000e+02,1.881479499976079751e+03,9.565922832812802090e-01,9.482799703707694983e-01
5.500000000000000722e-02,5.025000000000000000e+03,6.660000000000000000e+02,1.832192302061552709e+03,9.649375533883755018e-01,9.598150376966042563e-01
5.500000000000000722e-02,5.025000000000000000e+03,7.980000000000000000e+02,1.789677857005456190e+03,9.714207509387251527e-01,9.683076101273564440e-01
5.500000000000000722e-02,5.025000000000000000e+03,9.296999999999999318e+02,1.763346750537908520e+03,9.756701055778581599e-01,9.735799821264441434e-01
5.500000000000000722e-02,5.025000000000000000e+03,1.457000000000000000e+03,1.727893124331414356e+03,9.837789923713945450e-01,9.829432511151535712e-01
5.500000000000000722e-02,5.025000000000000000e+03,2.314000000000000000e+03,1.682654391330862154e+03,9.881071724539223222e-01,9.879213499758647821e-01
5.500000000000000722e-02,5.025000000000000000e+03,2.973000000000000000e+03,1.660392732354076770e+03,9.895302360442732592e-01,9.895070659410220015e-01
5.500000000000000722e-02,5.025000000000000000e+03,4.293000000000000000e+03,1.622349048004401084e+03,9.909376614742467781e-01,9.911826848777778309e-01
5.500000000000000722e-02,5.025000000000000000e+03,5.215000000000000000e+03,1.572634731095590269e+03,9.914609596383295864e-01,9.919506756825443583e-01
5.500000000000000722e-02,5.262500000000000000e+03,3.060000000000000000e+02,1.806362136948180705e+03,8.367073673730661687e-01,7.811572303917728721e-01
5.500000000000000722e-02,5.262500000000000000e+03,4.460000000000000000e+02,1.850206893203365553e+03,9.085103258857601949e-01,8.865128075095656257e-01
5.500000000000000722e-02,5.262500000000000000e+03,5.580000000000000000e+02,1.826585970424399193e+03,9.330581649244276132e-01,9.206132141943262903e-01
5.500000000000000722e-02,5.262500000000000000e+03,6.660000000000000000e+02,1.792747589396181866e+03,9.467619393312906029e-01,9.391514707057126987e-01
5.500000000000000722e-02,5.262500000000000000e+03,7.980000000000000000e+02,1.760575126798724568e+03,9.571529727896745943e-01,9.525615388305846976e-01
5.500000000000000722e-02,5.262500000000000000e+03,9.296999999999999318e+02,1.740135272070175688e+03,9.638307601128563995e-01,9.607644478108875452e-01
5.500000000000000722e-02,5.262500000000000000e+03,1.457000000000000000e+03,1.714007464743705441e+03,9.762575731822266123e-01,9.750441425494533743e-01
5.500000000000000722e-02,5.262500000000000000e+03,2.314000000000000000e+03,1.673325486679089181e+03,9.827127674356748166e-01,9.824441562485859425e-01
5.500000000000000722e-02,5.262500000000000000e+03,2.973000000000000000e+03,1.652451740939753108e+03,9.848081106833291853e-01,9.847746511562922578e-01
5.500000000000000722e-02,5.262500000000000000e+03,4.293000000000000000e+03,1.615865216547995942e+03,9.868677080868851759e-01,9.872213539427612261e-01
5.500000000000000722e-02,5.262500000000000000e+03,5.215000000000000000e+03,1.566905930965423295e+03,9.876303771430736678e-01,9.883371937673824936e-01
5.500000000000000722e-02,5.500000000000000000e+03,3.060000000000000000e+02,1.595480847293106990e+03,7.615960270224175765e-01,6.899620924961603619e-01
5.500000000000000722e-02,5.500000000000000000e+03,4.460000000000000000e+02,1.756487114071503356e+03,8.710431311891949635e-01,8.416076756442767426e-01
5.500000000000000722e-02,5.500000000000000000e+03,5.580000000000000000e+02,1.767601936997431721e+03,9.075219496363808869e-01,8.908848129700852603e-01
5.500000000000000722e-02,5.500000000000000000e+03,6.660000000000000000e+02,1.751029148214011684e+03,9.274294525616040286e-01,9.172967848461260898e-01
5.500000000000000722e-02,5.500000000000000000e+03,7.980000000000000000e+02,1.730251005397920380e+03,9.422377508865946716e-01,9.361546321865277243e-01
5.500000000000000722e-02,5.500000000000000000e+03,9.296999999999999318e+02,1.716210224935510496e+03,9.516015871496895651e-01,9.475549375687096765e-01
5.500000000000000722e-02,5.500000000000000000e+03,1.457000000000000000e+03,1.699998530847790562e+03,9.686633731757305910e-01,9.670749071642289474e-01
5.500000000000000722e-02,5.500000000000000000e+03,2.314000000000000000e+03,1.664004535691487945e+03,9.773220423226316456e-01,9.769716322827780575e-01
5.500000000000000722e-02,5.500000000000000000e+03,2.973000000000000000e+03,1.644536942836727349e+03,9.801014621234247493e-01,9.800578462125987267e-01
5.500000000000000722e-02,5.500000000000000000e+03,4.293000000000000000e+03,1.609413504412793372e+03,9.828188133756994294e-01,9.832796464759896438e-01
5.500000000000000722e-02,5.500000000000000000e+03,5.215000000000000000e+03,1.561207009032172891e+03,9.838214567083075623e-01,9.847425577399742114e-01
7.750000000000001332e-02,4.550000000000000000e+03,3.060000000000000000e+02,2.281830207581991999e+03,9.906534807678147869e-01,9.867723247291287914e-01
7.750000000000001332e-02,4.550000000000000000e+03,4.460000000000000000e+02,2.070428135932500481e+03,9.936795034573010499e-01,9.920301703959616413e-01
7.750000000000001332e-02,4.550000000000000000e+03,5.580000000000000000e+02,1.972171719871851337e+03,9.949687167554107647e-01,9.939895386103995145e-01
7.750000000000001332e-02,4.550000000000000000e+03,6.660000000000000000e+02,1.899666104633546183e+03,9.957808435869989205e-01,9.951619662293251789e-01
7.750000000000001332e-02,4.550000000000000000e+03,7.980000000000000000e+02,1.840991978715345113e+03,9.964549044175141645e-01,9.960711846523416790e-01
7.750000000000001332e-02,4.550000000000000000e+03,9.296999999999999318e+02,1.805148138416590200e+03,9.969203360652231227e-01,9.966593874965863353e-01
7.750000000000001332e-02,4.550000000000000000e+03,1.457000000000000000e+03,1.753941948795967392e+03,9.978684675307668561e-01,9.977615959805647972e-01
7.750000000000001332e-02,4.550000000000000000e+03,2.314000000000000000e+03,1.700481377409967990e+03,9.984105741783789734e-01,9.983879438551590546e-01
7.750000000000001332e-02,4.550000000000000000e+03,2.973000000000000000e+03,1.675636849739925538e+03,9.985946268976995110e-01,9.985917611299401919e-01
7.750000000000001332e-02,4.550000000000000000e+03,4.293000000000000000e+03,1.634837598673111188e+03,9.987794681113325579e-01,9.988126306020167489e-01
7.750000000000001332e-02,4.550000000000000000e+03,5.215000000000000000e+03,1.583676398305033899e+03,9.988488906642915000e-01,9.989152867473395370e-01
7.750000000000001332e-02,4.787500000000000000e+03,3.060000000000000000e+02,2.109522368622829163e+03,9.365979091478751073e-01,9.122581885529049694e-01
7.750000000000001332e-02,4.787500000000000000e+03,4.460000000000000000e+02,1.982467998652315373e+03,9.599034106073407457e-01,9.498847278859208210e-01
7.750000000000001332e-02,4.787500000000000000e+03,5.580000000000000000e+02,1.910985092514527651e+03,9.689974690284939296e-01,9.631510133018708064e-01
7.750000000000001332e-02,4.787500000000000000e+03,6.660000000000000000e+02,1.853195643140570610e+03,9.744709470771513171e-01,9.708178798037505608e-01
7.750000000000001332e-02,4.787500000000000000e+03,7.980000000000000000e+02,1.805043925950044923e+03,9.788644728731138445e-01,9.766214423841197423e-01
7.750000000000001332e-02,4.787500000000000000e+03,9.296999999999999318e+02,1.775525766705809929e+03,9.818194749421836898e-01,9.803042672617676700e-01
7.750000000000001332e-02,4.787500000000000000e+03,1.457000000000000000e+03,1.735078632743691742e+03,9.876437183987587520e-01,9.870308575187106692e-01
7.750000000000001332e-02,4.787500000000000000e+03,2.314000000000000000e+03,1.687440882642610177e+03,9.908607258936624751e-01,9.907315984634402772e-01
7.750000000000001332e-02,4.787500000000000000e+03,2.973000000000000000e+03,1.664440322244220624e+03,9.919355518091380608e-01,9.919192174268035567e-01
7.750000000000001332e-02,4.787500000000000000e+03,4.293000000000000000e+03,1.625643943401922115e+03,9.930067772470356768e-01,9.931957185529438625e-01
7.750000000000001332e-02,4.787500000000000000e+03,5.215000000000000000e+03,1.575543543606006097e+03,9.934071036568122848e-01,9.937854301096774590e-01
7.750000000000001332e-02,5.025000000000000000e+03,3.060000000000000000e+02,1.898339538291771078e+03,8.669102562444602755e-01,8.209326500723354014e-01
7.750000000000001332e-02,5.025000000000000000e+03,4.460000000000000000e+02,1.881286548971794446e+03,9.203017379450117996e-01,9.014043923333566743e-01
7.750000000000001332e-02,5.025000000000000000e+03,5.580000000000000000e+02,1.843167966958492116e+03,9.399017871592866280e-01,9.289706664983442552e-01
7.750000000000001332e-02,5.025000000000000000e+03,6.660000000000000000e+02,1.802979459615050473e+03,9.512924727591293150e-01,9.445115537541897144e-01
7.750000000000001332e-02,5.025000000000000000e+03,7.980000000000000000e+02,1.767039652427970850e+03,9.601946249386896781e-01,9.560591791115772287e-01
7.750000000000001332e-02,5.025000000000000000e+03,9.296999999999999318e+02,1.744682204702363606e+03,9.660548279537204408e-01,9.632749027678750853e-01
7.750000000000001332e-02,5.025000000000000000e+03,1.457000000000000000e+03,1.716004116538050084e+03,9.772938009258553826e-01,9.761799740302559147e-01
7.750000000000001332e-02,5.025000000000000000e+03,2.314000000000000000e+03,1.674424234356597481e+03,9.833230622533251086e-01,9.830892538363253941e-01
7.750000000000001332e-02,5.025000000000000000e+03,2.973000000000000000e+03,1.653300578806193926e+03,9.853100690164446895e-01,9.852805140466283085e-01
7.750000000000001332e-02,5.025000000000000000e+03,4.293000000000000000e+03,1.616516585423943752e+03,9.872775075229597297e-01,9.876193111838998950e-01
7.750000000000001332e-02,5.025000000000000000e+03,5.215000000000000000e+03,1.567471820537069789e+03,9.880096012399498528e-01,9.886941326876906855e-01
7.750000000000001332e-02,5.262500000000000000e+03,3.060000000000000000e+02,1.662743719589410148e+03,7.843139915385133332e-01,7.190497698541158389e-01
7.750000000000001332e-02,5.262500000000000000e+03,4.460000000000000000e+02,1.769857537794461450e+03,8.757337198073847917e-01,8.480140142628246336e-01
7.750000000000001332e-02,5.262500000000000000e+03,5.580000000000000000e+02,1.770111181612188375e+03,9.081871897575866104e-01,8.921494913303675833e-01
7.750000000000001332e-02,5.262500000000000000e+03,6.660000000000000000e+02,1.749817449762991373e+03,9.265817244874263725e-01,9.166620226581535524e-01
7.750000000000001332e-02,5.262500000000000000e+03,7.980000000000000000e+02,1.727448561235966963e+03,9.406646922898106444e-01,9.346383660057989706e-01
7.750000000000001332e-02,5.262500000000000000e+03,9.296999999999999318e+02,1.712921717455739781e+03,9.497773723591226291e-01,9.457392850021335562e-01
7.750000000000001332e-02,5.262500000000000000e+03,1.457000000000000000e+03,1.696807164928926341e+03,9.668665808483593027e-01,9.652594409484002158e-01
7.750000000000001332e-02,5.262500000000000000e+03,2.314000000000000000e+03,1.661455923124388619e+03,9.758117780576470723e-01,9.754752888976918612e-01
7.750000000000001332e-02,5.262500000000000000e+03,2.973000000000000000e+03,1.642229865911004708e+03,9.787254652083443585e-01,9.786829492528683616e-01
7.750000000000001332e-02,5.262500000000000000e+03,4.293000000000000000e+03,1.607459777751008005e+03,9.815942878796970472e-01,9.820860068948356059e-01
7.750000000000001332e-02,5.262500000000000000e+03,5.215000000000000000e+03,1.559463518861048442e+03,9.826578334533011549e-01,9.836428387657608630e-01
7.750000000000001332e-02,5.500000000000000000e+03,3.060000000000000000e+02,1.421531107630324868e+03,6.939188830335832892e-01,6.147379200653102505e-01
7.750000000000001332e-02,5.500000000000000000e+03,4.460000000000000000e+02,1.651823663130103114e+03,8.273938976947002866e-01,7.914589652062480329e-01
7.750000000000001332e-02,5.500000000000000000e+03,5.580000000000000000e+02,1.693345086590247774e+03,8.744401898521062533e-01,8.534587958889284787e-01
7.750000000000001332e-02,5.500000000000000000e+03,6.660000000000000000e+02,1.694523802165837196e+03,9.006898171999009328e-01,8.876958085805537468e-01
7.750000000000001332e-02,5.500000000000000000e+03,7.980000000000000000e+02,1.686718594350100602e+03,9.204866414235394201e-01,9.126013626750373309e-01
7.750000000000001332e-02,5.500000000000000000e+03,9.296999999999999318e+02,1.680522655846283897e+03,9.331262924277987647e-01,9.278510972063834794e-01
7.750000000000001332e-02,5.500000000000000000e+03,1.457000000000000000e+03,1.677562973066759696e+03,9.564027403613798439e-01,9.543120343943048978e-01
7.750000000000001332e-02,5.500000000000000000e+03,2.314000000000000000e+03,1.648555867530987598e+03,9.683384313376679486e-01,9.679013982626003543e-01
7.750000000000001332e-02,5.500000000000000000e+03,2.973000000000000000e+03,1.631237950152630901e+03,9.721875531396267922e-01,9.721323434237770789e-01
7.750000000000001332e-02,5.500000000000000000e+03,4.293000000000000000e+03,1.598476781171753828e+03,9.759591214561161854e-01,9.765977978817226290e-01
7.750000000000001332e-02,5.500000000000000000e+03,5.215000000000000000e+03,1.551520335978717640e+03,9.773528517623317757e-01,9.786326189916439988e-01
1.000000000000000056e-01,4.550000000000000000e+03,3.060000000000000000e+02,2.273500447902199085e+03,9.879726115699373201e-01,9.831701389502077726e-01
1.000000000000000056e-01,4.550000000000000000e+03,4.460000000000000000e+02,2.065787786285633501e+03,9.918594583445337065e-01,9.898067815369202549e-01
1.000000000000000056e-01,4.550000000000000000e+03,5.580000000000000000e+02,1.968816153289254544e+03,9.935174905898460640e-01,9.922983075448670309e-01
1.000000000000000056e-01,4.550000000000000000e+03,6.660000000000000000e+02,1.897052353644457298e+03,9.945625875845522934e-01,9.937927226726859242e-01
1.000000000000000056e-01,4.550000000000000000e+03,7.980000000000000000e+02,1.838927451134009289e+03,9.954303862631552757e-01,9.949541692294262551e-01
1.000000000000000056e-01,4.550000000000000000e+03,9.296999999999999318e+02,1.803422800586984522e+03,9.960297898331130773e-01,9.957067930208842732e-01
1.000000000000000056e-01,4.550000000000000000e+03,1.457000000000000000e+03,1.752813569423028412e+03,9.972513364845305706e-01,9.971196969685774958e-01
1.000000000000000056e-01,4.550000000000000000e+03,2.314000000000000000e+03,1.699691049819596174e+03,9.979500739027226119e-01,9.979239261079461132e-01
1.000000000000000056e-01,4.550000000000000000e+03,2.973000000000000000e+03,1.674955655294962980e+03,9.981873549319865147e-01,9.981858049344956019e-01
1.000000000000000056e-01,4.550000000000000000e+03,4.293000000000000000e+03,1.634274133510693673e+03,9.984256780014555410e-01,9.984683785970569492e-01
1.000000000000000056e-01,4.550000000000000000e+03,5.215000000000000000e+03,1.583177742433661251e+03,9.985151938432168528e-01,9.986007559673938383e-01
1.000000000000000056e-01,4.787500000000000000e+03,3.060000000000000000e+02,2.059470974832167030e+03,9.196694987598523774e-01,8.906135762401065081e-01
1.000000000000000056e-01,4.787500000000000000e+03,4.460000000000000000e+02,1.954855812876132859e+03,9.488578087510320946e-01,9.366545553988114836e-01
1.000000000000000056e-01,4.787500000000000000e+03,5.580000000000000000e+02,1.891223529241980941e+03,9.603535811322407856e-01,9.531910351916608182e-01
1.000000000000000056e-01,4.787500000000000000e+03,6.660000000000000000e+02,1.837921397399688885e+03,9.673016357269101917e-01,9.628162902680473811e-01
1.000000000000000056e-01,4.787500000000000000e+03,7.980000000000000000e+02,1.793065264592219592e+03,9.728946736505684756e-01,9.701403715553569285e-01
1.000000000000000056e-01,4.787500000000000000e+03,9.296999999999999318e+02,1.765566971015486388e+03,9.766644282005768618e-01,9.748058114831589238e-01
1.000000000000000056e-01,4.787500000000000000e+03,1.457000000000000000e+03,1.728631085845533335e+03,9.841134009539945771e-01,9.833630538678074240e-01
1.000000000000000056e-01,4.787500000000000000e+03,2.314000000000000000e+03,1.682941728095688177e+03,9.882385952279124641e-01,9.880900513598608326e-01
1.000000000000000056e-01,4.787500000000000000e+03,2.973000000000000000e+03,1.660565062871155533e+03,9.896185663602944382e-01,9.896097658992932811e-01
1.000000000000000056e-01,4.787500000000000000e+03,4.293000000000000000e+03,1.622438362123279603e+03,9.909947700030716788e-01,9.912372518085234008e-01
1.000000000000000056e-01,4.787500000000000000e+03,5.215000000000000000e+03,1.572705527811746379e+03,9.915092887640007957e-01,9.919953312208195095e-01
1.000000000000000056e-01,5.025000000000000000e+03,3.060000000000000000e+02,1.808633656690039516e+03,8.346598687448302245e-01,7.821395439788637605e-01
1.000000000000000056e-01,5.025000000000000000e+03,4.460000000000000000e+02,1.830420910489016705e+03,8.994891729642767730e-01,8.770325017395097511e-01
1.000000000000000056e-01,5.025000000000000000e+03,5.580000000000000000e+02,1.806776870027393443e+03,9.237837303461835514e-01,9.106292770120274493e-01
1.000000000000000056e-01,5.025000000000000000e+03,6.660000000000000000e+02,1.774931570878823777e+03,9.380279184521504998e-01,9.298183442289773559e-01
1.000000000000000056e-01,5.025000000000000000e+03,7.980000000000000000e+02,1.745127262578582986e+03,9.492250018756223096e-01,9.442034511300385624e-01
1.000000000000000056e-01,5.025000000000000000e+03,9.296999999999999318e+02,1.726523455859885189e+03,9.566272189286818550e-01,9.532490843245622347e-01
1.000000000000000056e-01,5.025000000000000000e+03,1.457000000000000000e+03,1.704328589584691599e+03,9.708935518800767550e-01,9.695381393817978921e-01
1.000000000000000056e-01,5.025000000000000000e+03,2.314000000000000000e+03,1.666296452655702296e+03,9.785850552078494413e-01,9.783172643466081508e-01
1.000000000000000056e-01,5.025000000000000000e+03,2.973000000000000000e+03,1.646302260746912452e+03,9.811257456163272606e-01,9.811098831865764369e-01
1.000000000000000056e-01,5.025000000000000000e+03,4.293000000000000000e+03,1.610725995713324664e+03,9.836442925549270244e-01,9.840815199401122815e-01
1.000000000000000056e-01,5.025000000000000000e+03,5.215000000000000000e+03,1.562342775343283847e+03,9.845821884186389816e-01,9.854589505153894535e-01
1.000000000000000056e-01,5.262500000000000000e+03,3.060000000000000000e+02,1.542693503304160004e+03,7.380955421165452668e-01,6.671343246932934790e-01
1.000000000000000056e-01,5.262500000000000000e+03,4.460000000000000000e+02,1.697156373213659663e+03,8.452397458776896855e-01,8.131797945015118989e-01
1.000000000000000056e-01,5.262500000000000000e+03,5.580000000000000000e+02,1.717582947332152344e+03,8.846076783950324041e-01,8.656748619510228338e-01
1.000000000000000056e-01,5.262500000000000000e+03,6.660000000000000000e+02,1.709251201229444632e+03,9.072438373244603449e-01,8.954109261866610714e-01
1.000000000000000056e-01,5.262500000000000000e+03,7.980000000000000000e+02,1.695775808301602865e+03,9.247348585339064675e-01,9.175017804577469960e-01
1.000000000000000056e-01,5.262500000000000000e+03,9.296999999999999318e+02,1.686711132825813365e+03,9.361279132461949315e-01,9.312678825353508660e-01
1.000000000000000056e-01,5.262500000000000000e+03,1.457000000000000000e+03,1.680021728730607492e+03,9.576545381728186479e-01,9.557107420179928869e-01
1.000000000000000056e-01,5.262500000000000000e+03,2.314000000000000000e+03,1.649785452746410556e+03,9.690070356326709877e-01,9.686233132869745965e-01
1.000000000000000056e-01,5.262500000000000000e+03,2.973000000000000000e+03,1.632181693448697615e+03,9.727174971400146530e-01,9.726947649772420545e-01
1.000000000000000056e-01,5.262500000000000000e+03,4.293000000000000000e+03,1.599141458146546938e+03,9.763769261502567298e-01,9.770038857758550632e-01
1.000000000000000056e-01,5.262500000000000000e+03,5.215000000000000000e+03,1.552091582178283261e+03,9.777351106742426801e-01,9.789929366435665692e-01
1.000000000000000056e-01,5.500000000000000000e+03,3.060000000000000000e+02,1.284464325906564682e+03,6.372880286839041064e-01,5.554636995754254070e-01
1.000000000000000056e-01,5.500000000000000000e+03,4.460000000000000000e+02,1.560124226216985562e+03,7.879105579109630941e-01,7.475218652183933665e-01
1.000000000000000056e-01,5.500000000000000000e+03,5.580000000000000000e+02,1.625787157332414608e+03,8.436854522121488564e-01,8.194090859900201584e-01
1.000000000000000056e-01,5.500000000000000000e+03,6.660000000000000000e+02,1.642008324808319458e+03,8.754488849681282270e-01,8.601849709775106767e-01
1.000000000000000056e-01,5.500000000000000000e+03,7.980000000000000000e+02,1.645619840568435166e+03,8.997171009024782506e-01,8.903648266985988435e-01
1.000000000000000056e-01,5.500000000000000000e+03,9.296999999999999318e+02,1.646502015619999383e+03,9.153547285574300529e-01,9.090676025288151330e-01
1.000000000000000056e-01,5.500000000000000000e+03,1.457000000000000000e+03,1.655806310128738005e+03,9.444486004375902688e-01,9.419353632330080828e-01
1.000000000000000056e-01,5.500000000000000000e+03,2.314000000000000000e+03,1.633432645218313382e+03,9.595184719875875512e-01,9.590222402607569974e-01
1.000000000000000056e-01,5.500000000000000000e+03,2.973000000000000000e+03,1.618214442127841039e+03,9.644004234696641475e-01,9.643710150568440831e-01
1.000000000000000056e-01,5.500000000000000000e+03,4.293000000000000000e+03,1.587687856353547886e+03,9.691945217770528975e-01,9.700062475113457872e-01
1.000000000000000056e-01,5.500000000000000000e+03,5.215000000000000000e+03,1.541953268778373285e+03,9.709687530667313604e-01,9.725981224960269511e-01
