f_spot,tempSpot,wavelength,D_lambda,epsilon_Rackham,epsilon_ourWork
0.000000000000000000e+00,nan,3.618000000000000114e+02,1.908967003336536891e+03,nan,nan
0.000000000000000000e+00,nan,4.460000000000000000e+02,2.055538481405272250e+03,nan,nan
0.000000000000000000e+00,nan,5.580000000000000000e+02,1.959154563641596269e+03,nan,nan
0.000000000000000000e+00,nan,6.660000000000000000e+02,1.895697036650045902e+03,nan,nan
0.000000000000000000e+00,nan,7.980000000000000000e+02,1.836681990826427636e+03,nan,nan
0.000000000000000000e+00,nan,9.296999999999999318e+02,1.800533641310275698e+03,nan,nan
0.000000000000000000e+00,nan,1.128000000000000000e+03,1.767853713079969793e+03,nan,nan
0.000000000000000000e+00,nan,1.589000000000000000e+03,1.714167336920868820e+03,nan,nan
0.000000000000000000e+00,nan,1.984000000000000000e+03,1.703634246871921277e+03,nan,nan
0.000000000000000000e+00,nan,2.380000000000000000e+03,1.697309755110176866e+03,nan,nan
0.000000000000000000e+00,nan,2.578000000000000000e+03,1.693099852538515506e+03,nan,nan
1.000000000000000194e-02,2.301000000000000000e+03,3.618000000000000114e+02,1.931502670528883982e+03,1.010098826916481451e+00,1.011805163291433995e+00
1.000000000000000194e-02,2.301000000000000000e+03,4.460000000000000000e+02,2.081885677356010092e+03,1.010090255537892556e+00,1.012817661254741264e+00
1.000000000000000194e-02,2.301000000000000000e+03,5.580000000000000000e+02,1.982814937078858293e+03,1.010058547835424259e+00,1.012076828381158089e+00
1.000000000000000194e-02,2.301000000000000000e+03,6.660000000000000000e+02,1.917597433817697038e+03,1.009998286173641846e+00,1.011552688401281763e+00
1.000000000000000194e-02,2.301000000000000000e+03,7.980000000000000000e+02,1.856909159089758987e+03,1.009883678238552518e+00,1.011012885390262905e+00
1.000000000000000194e-02,2.301000000000000000e+03,9.296999999999999318e+02,1.819618973740499996e+03,1.009732114593455687e+00,1.010599819960228851e+00
1.000000000000000194e-02,2.301000000000000000e+03,1.128000000000000000e+03,1.785690214593515975e+03,1.009459951267477118e+00,1.010089353763593545e+00
1.000000000000000194e-02,2.301000000000000000e+03,1.589000000000000000e+03,1.729649628130491919e+03,1.008786013737565712e+00,1.009031960227076530e+00
1.000000000000000194e-02,2.301000000000000000e+03,1.984000000000000000e+03,1.718024952062302646e+03,1.008276583982195218e+00,1.008447062634954872e+00
1.000000000000000194e-02,2.301000000000000000e+03,2.380000000000000000e+03,1.710876689775875320e+03,1.007855918987898614e+00,1.007993199016768537e+00
1.000000000000000194e-02,2.301000000000000000e+03,2.578000000000000000e+03,1.706208156444954966e+03,1.007676430496090791e+00,1.007742191865875991e+00
1.000000000000000194e-02,2.838250000000000000e+03,3.618000000000000114e+02,1.931378774022940433e+03,1.010043398745188226e+00,1.011740260909293809e+00
1.000000000000000194e-02,2.838250000000000000e+03,4.460000000000000000e+02,2.081513325709493984e+03,1.009948033635457154e+00,1.012636515705833018e+00
1.000000000000000194e-02,2.838250000000000000e+03,5.580000000000000000e+02,1.982079635854949629e+03,1.009746559064506055e+00,1.011701512804962677e+00
1.000000000000000194e-02,2.838250000000000000e+03,6.660000000000000000e+02,1.916489307151381126e+03,1.009493126268999008e+00,1.010968140003045024e+00
1.000000000000000194e-02,2.838250000000000000e+03,7.980000000000000000e+02,1.855389624165870828e+03,1.009141949169266583e+00,1.010185559303614422e+00
1.000000000000000194e-02,2.838250000000000000e+03,9.296999999999999318e+02,1.817749811403812600e+03,1.008779717674869181e+00,1.009561704207319499e+00
1.000000000000000194e-02,2.838250000000000000e+03,1.128000000000000000e+03,1.783423177662668650e+03,1.008258236172340006e+00,1.008806986951184870e+00
1.000000000000000194e-02,2.838250000000000000e+03,1.589000000000000000e+03,1.726981656632098293e+03,1.007272277510187219e+00,1.007475536043200837e+00
1.000000000000000194e-02,2.838250000000000000e+03,1.984000000000000000e+03,1.715226491460497527e+03,1.006667313285266818e+00,1.006804420966449287e+00
1.000000000000000194e-02,2.838250000000000000e+03,2.380000000000000000e+03,1.708050969857155451e+03,1.006219865322727447e+00,1.006328376252265899e+00
1.000000000000000194e-02,2.838250000000000000e+03,2.578000000000000000e+03,1.703413046181379059e+03,1.006039653672225587e+00,1.006091308570726373e+00
1.000000000000000194e-02,3.375500000000000000e+03,3.618000000000000114e+02,1.930309258826867790e+03,1.009564881869547737e+00,1.011180002301259373e+00
1.000000000000000194e-02,3.375500000000000000e+03,4.460000000000000000e+02,2.079469025399349903e+03,1.009167008184281622e+00,1.011641982969697207e+00
1.000000000000000194e-02,3.375500000000000000e+03,5.580000000000000000e+02,1.979369216470794299e+03,1.008596192328350849e+00,1.010318049021933229e+00
1.000000000000000194e-02,3.375500000000000000e+03,6.660000000000000000e+02,1.913343974795811391e+03,1.008058840651404608e+00,1.009308944311560374e+00
1.000000000000000194e-02,3.375500000000000000e+03,7.980000000000000000e+02,1.851945009522904002e+03,1.007460071825387882e+00,1.008310104183908651e+00
1.000000000000000194e-02,3.375500000000000000e+03,9.296999999999999318e+02,1.814139448960028176e+03,1.006939671023945770e+00,1.007556541759392799e+00
1.000000000000000194e-02,3.375500000000000000e+03,1.128000000000000000e+03,1.779718718675105038e+03,1.006294160028618823e+00,1.006711531337320942e+00
1.000000000000000194e-02,3.375500000000000000e+03,1.589000000000000000e+03,1.723456602632067415e+03,1.005272060404561962e+00,1.005419112540018922e+00
1.000000000000000194e-02,3.375500000000000000e+03,1.984000000000000000e+03,1.711851191071978064e+03,1.004726186820183553e+00,1.004823185619298398e+00
1.000000000000000194e-02,3.375500000000000000e+03,2.380000000000000000e+03,1.704821680679757719e+03,1.004350036857853290e+00,1.004425783535954020e+00
1.000000000000000194e-02,3.375500000000000000e+03,2.578000000000000000e+03,1.700278431530088938e+03,1.004204013730047418e+00,1.004239902909926041e+00
1.000000000000000194e-02,3.912750000000000000e+03,3.618000000000000114e+02,1.925476973672624126e+03,1.007401890912098530e+00,1.008648641022726222e+00
1.000000000000000194e-02,3.912750000000000000e+03,4.460000000000000000e+02,2.072853979181777049e+03,1.006637489259439855e+00,1.008423825646244776e+00
1.000000000000000194e-02,3.912750000000000000e+03,5.580000000000000000e+02,1.972813339701118366e+03,1.005811546674548751e+00,1.006971770534599298e+00
1.000000000000000194e-02,3.912750000000000000e+03,6.660000000000000000e+02,1.907043814869613470e+03,1.005184034131866522e+00,1.005985544103407348e+00
1.000000000000000194e-02,3.912750000000000000e+03,7.980000000000000000e+02,1.846064180863859974e+03,1.004587202235668109e+00,1.005108227817495425e+00
1.000000000000000194e-02,3.912750000000000000e+03,9.296999999999999318e+02,1.808626822777270718e+03,1.004128968597097549e+00,1.004494879340941171e+00
1.000000000000000194e-02,3.912750000000000000e+03,1.128000000000000000e+03,1.774671928279736221e+03,1.003617571558652610e+00,1.003856775676245094e+00
1.000000000000000194e-02,3.912750000000000000e+03,1.589000000000000000e+03,1.719279817675167806e+03,1.002901744967308773e+00,1.002982486391020833e+00
1.000000000000000194e-02,3.912750000000000000e+03,1.984000000000000000e+03,1.708075837398292833e+03,1.002554808351371785e+00,1.002607126814060612e+00
1.000000000000000194e-02,3.912750000000000000e+03,2.380000000000000000e+03,1.701328100316867904e+03,1.002327041542663055e+00,1.002367479002929773e+00
1.000000000000000194e-02,3.912750000000000000e+03,2.578000000000000000e+03,1.696926093946227184e+03,1.002240811142964150e+00,1.002259902983261730e+00
1.000000000000000194e-02,4.450000000000000000e+03,3.618000000000000114e+02,1.911076323790839069e+03,1.000946689226727582e+00,1.001104953857565594e+00
1.000000000000000194e-02,4.450000000000000000e+03,4.460000000000000000e+02,2.057558149988647529e+03,1.000775405853507438e+00,1.000982549634388041e+00
1.000000000000000194e-02,4.450000000000000000e+03,5.580000000000000000e+02,1.960624576838321218e+03,1.000626106118762459e+00,1.000750330384343245e+00
1.000000000000000194e-02,4.450000000000000000e+03,6.660000000000000000e+02,1.896855745528336456e+03,1.000529761525631445e+00,1.000611231043721183e+00
1.000000000000000194e-02,4.450000000000000000e+03,7.980000000000000000e+02,1.837598650749505623e+03,1.000448389143473671e+00,1.000499084723243559e+00
1.000000000000000194e-02,4.450000000000000000e+03,9.296999999999999318e+02,1.801300638552660985e+03,1.000391434715685479e+00,1.000425983288947052e+00
1.000000000000000194e-02,4.450000000000000000e+03,1.128000000000000000e+03,1.768480478859912864e+03,1.000332617954422965e+00,1.000354534866378264e+00
1.000000000000000194e-02,4.450000000000000000e+03,1.589000000000000000e+03,1.714620652239373612e+03,1.000257311865837773e+00,1.000264452197134446e+00
1.000000000000000194e-02,4.450000000000000000e+03,1.984000000000000000e+03,1.704022440813357434e+03,1.000223300265161486e+00,1.000227862255145928e+00
1.000000000000000194e-02,4.450000000000000000e+03,2.380000000000000000e+03,1.697658096191489904e+03,1.000201733306982588e+00,1.000205231296328989e+00
1.000000000000000194e-02,4.450000000000000000e+03,2.578000000000000000e+03,1.693430617679792022e+03,1.000193713623459324e+00,1.000195360681640055e+00
3.250000000000000805e-02,2.301000000000000000e+03,3.618000000000000114e+02,1.983804686593204679e+03,1.033584302100108765e+00,1.039203235637842226e+00
3.250000000000000805e-02,2.301000000000000000e+03,4.460000000000000000e+02,2.143104814695262576e+03,1.033555135249010659e+00,1.042600191668572096e+00
3.250000000000000805e-02,2.301000000000000000e+03,5.580000000000000000e+02,2.037758378522824842e+03,1.033447249677017954e+00,1.040121293306804251e+00
3.250000000000000805e-02,2.301000000000000000e+03,6.660000000000000000e+02,1.968428206261418836e+03,1.033242252561203722e+00,1.038366452130926376e+00
3.250000000000000805e-02,2.301000000000000000e+03,7.980000000000000000e+02,1.903823337480847840e+03,1.032852538085754057e+00,1.036555782105866630e+00
3.250000000000000805e-02,2.301000000000000000e+03,9.296999999999999318e+02,1.863854336252801431e+03,1.032337474444380954e+00,1.035167737769368435e+00
3.250000000000000805e-02,2.301000000000000000e+03,1.128000000000000000e+03,1.826986931940610702e+03,1.031413473968285643e+00,1.033449158390836731e+00
3.250000000000000805e-02,2.301000000000000000e+03,1.589000000000000000e+03,1.765420511445347984e+03,1.029130410058742173e+00,1.029899749820542221e+00
3.250000000000000805e-02,2.301000000000000000e+03,1.984000000000000000e+03,1.751231328124935771e+03,1.027409322959719651e+00,1.027938556260188152e+00
3.250000000000000805e-02,2.301000000000000000e+03,2.380000000000000000e+03,1.742119636211847364e+03,1.025991151568194537e+00,1.026400532352305772e+00
3.250000000000000805e-02,2.301000000000000000e+03,2.578000000000000000e+03,1.736505991437709099e+03,1.025386880515827492e+00,1.025637081495290204e+00
3.250000000000000805e-02,2.838250000000000000e+03,3.618000000000000114e+02,1.983382165972269377e+03,1.033395710402757572e+00,1.038981900947301806e+00
3.250000000000000805e-02,2.838250000000000000e+03,4.460000000000000000e+02,2.141831422658002793e+03,1.033071347795780914e+00,1.041980698504722858e+00
3.250000000000000805e-02,2.838250000000000000e+03,5.580000000000000000e+02,2.035250052441539538e+03,1.032386546074109290e+00,1.038840982846447769e+00
3.250000000000000805e-02,2.838250000000000000e+03,6.660000000000000000e+02,1.964655630059319947e+03,1.031526041942317118e+00,1.036376378754662930e+00
3.250000000000000805e-02,2.838250000000000000e+03,7.980000000000000000e+02,1.898661811278956520e+03,1.030335313563027100e+00,1.033745537203552889e+00
3.250000000000000805e-02,2.838250000000000000e+03,9.296999999999999318e+02,1.857517219527649104e+03,1.029109114509431322e+00,1.031648160806318382e+00
3.250000000000000805e-02,2.838250000000000000e+03,1.128000000000000000e+03,1.819319762328075512e+03,1.027347410655876203e+00,1.029112165145407376e+00
3.250000000000000805e-02,2.838250000000000000e+03,1.589000000000000000e+03,1.756437711019853623e+03,1.024028064095919177e+00,1.024659421042822149e+00
3.250000000000000805e-02,2.838250000000000000e+03,1.984000000000000000e+03,1.741831883303013228e+03,1.021998781911640508e+00,1.022421265891565234e+00
3.250000000000000805e-02,2.838250000000000000e+03,2.380000000000000000e+03,1.732652214055718787e+03,1.020501474218111104e+00,1.020822633487573183e+00
3.250000000000000805e-02,2.838250000000000000e+03,2.578000000000000000e+03,1.727121590748947938e+03,1.019899290283411419e+00,1.020094348339480650e+00
3.250000000000000805e-02,3.375500000000000000e+03,3.618000000000000114e+02,1.979740052268086401e+03,1.031769578676984267e+00,1.037074003273943834e+00
3.250000000000000805e-02,3.375500000000000000e+03,4.460000000000000000e+02,2.134858999214617143e+03,1.030420216948824796e+00,1.038588680546188137e+00
3.250000000000000805e-02,3.375500000000000000e+03,5.580000000000000000e+02,2.026041186475979657e+03,1.028488636106207998e+00,1.034140554336895779e+00
3.250000000000000805e-02,3.375500000000000000e+03,6.660000000000000000e+02,1.954002308427238404e+03,1.026674912064938550e+00,1.030756640248921663e+00
3.250000000000000805e-02,3.375500000000000000e+03,7.980000000000000000e+02,1.887033314186825692e+03,1.024659141100983550e+00,1.027414284896288610e+00
3.250000000000000805e-02,3.375500000000000000e+03,9.296999999999999318e+02,1.845361664251421416e+03,1.022911679747951608e+00,1.024897076018265185e+00
3.250000000000000805e-02,3.375500000000000000e+03,1.128000000000000000e+03,1.806887456672678809e+03,1.020749876946683177e+00,1.022079736181736420e+00
3.250000000000000805e-02,3.375500000000000000e+03,1.589000000000000000e+03,1.744666574442499495e+03,1.017339884380010107e+00,1.017792450517938319e+00
3.250000000000000805e-02,3.375500000000000000e+03,1.984000000000000000e+03,1.730588186898418599e+03,1.015525200915478043e+00,1.015821435895637892e+00
3.250000000000000805e-02,3.375500000000000000e+03,2.380000000000000000e+03,1.721920123177955702e+03,1.014277360639304293e+00,1.014499632723893319e+00
3.250000000000000805e-02,3.375500000000000000e+03,2.578000000000000000e+03,1.716681191938906977e+03,1.013793517934918231e+00,1.013927908247723941e+00
3.250000000000000805e-02,3.912750000000000000e+03,3.618000000000000114e+02,1.963400105943535664e+03,1.024463567952252241e+00,1.028514428228387123e+00
3.250000000000000805e-02,3.912750000000000000e+03,4.460000000000000000e+02,2.112513165286711228e+03,1.021898885735623264e+00,1.027717644012428488e+00
3.250000000000000805e-02,3.912750000000000000e+03,5.580000000000000000e+02,2.004005997269242471e+03,1.019137771814109028e+00,1.022893259398726551e+00
3.250000000000000805e-02,3.912750000000000000e+03,6.660000000000000000e+02,1.932904383879607849e+03,1.017046947837289883e+00,1.019627264541866030e+00
3.250000000000000805e-02,3.912750000000000000e+03,7.980000000000000000e+02,1.867408680586435366e+03,1.015063884708549802e+00,1.016729455569051366e+00
3.250000000000000805e-02,3.912750000000000000e+03,9.296999999999999318e+02,1.827014170424190524e+03,1.013544983264296873e+00,1.014707044904000988e+00
3.250000000000000805e-02,3.912750000000000000e+03,1.128000000000000000e+03,1.790139710435068082e+03,1.011853590290602956e+00,1.012606245183189646e+00
3.250000000000000805e-02,3.912750000000000000e+03,1.589000000000000000e+03,1.730860657590649225e+03,1.009492647941381938e+00,1.009738442863907570e+00
3.250000000000000805e-02,3.912750000000000000e+03,1.984000000000000000e+03,1.718131036810177648e+03,1.008351132111598103e+00,1.008509332308195949e+00
3.250000000000000805e-02,3.912750000000000000e+03,2.380000000000000000e+03,1.710413428413715110e+03,1.007602691516392923e+00,1.007720260408617952e+00
3.250000000000000805e-02,3.912750000000000000e+03,2.578000000000000000e+03,1.705612528504318789e+03,1.007319540055197082e+00,1.007390394575395254e+00
3.250000000000000805e-02,4.450000000000000000e+03,3.618000000000000114e+02,1.915803945578331650e+03,1.003083307588537254e+00,1.003581487909348313e+00
3.250000000000000805e-02,4.450000000000000000e+03,4.460000000000000000e+02,2.062073523151686459e+03,1.002524473379629244e+00,1.003179235906080713e+00
3.250000000000000805e-02,4.450000000000000000e+03,5.580000000000000000e+02,1.963914497224772504e+03,1.002037715494791703e+00,1.002429585532204515e+00
3.250000000000000805e-02,4.450000000000000000e+03,6.660000000000000000e+02,1.899450866070129223e+03,1.001723779640599554e+00,1.001980184252815542e+00
3.250000000000000805e-02,4.450000000000000000e+03,7.980000000000000000e+02,1.839653058068879773e+03,1.001458736399810645e+00,1.001617627470237970e+00
3.250000000000000805e-02,4.450000000000000000e+03,9.296999999999999318e+02,1.803020337107885780e+03,1.001273284243203499e+00,1.001381088217713211e+00
3.250000000000000805e-02,4.450000000000000000e+03,1.128000000000000000e+03,1.769886270833853587e+03,1.001081817974058374e+00,1.001149731869127812e+00
3.250000000000000805e-02,4.450000000000000000e+03,1.589000000000000000e+03,1.715638475651260023e+03,1.000836748000648813e+00,1.000858223522701040e+00
3.250000000000000805e-02,4.450000000000000000e+03,1.984000000000000000e+03,1.704894492337127758e+03,1.000726090668311974e+00,1.000739739452596977e+00
3.250000000000000805e-02,4.450000000000000000e+03,2.380000000000000000e+03,1.698440169064618885e+03,1.000655930974723606e+00,1.000666003333238852e+00
3.250000000000000805e-02,4.450000000000000000e+03,2.578000000000000000e+03,1.694176494626997737e+03,1.000629843797222085e+00,1.000635899936361151e+00
5.500000000000000722e-02,2.301000000000000000e+03,3.618000000000000114e+02,2.038509824311640614e+03,1.058187880021008498e+00,1.067860167697338714e+00
5.500000000000000722e-02,2.301000000000000000e+03,4.460000000000000000e+02,2.207233758963367109e+03,1.058136143925280992e+00,1.073798315589980179e+00
5.500000000000000722e-02,2.301000000000000000e+03,5.580000000000000000e+02,2.095268529044291881e+03,1.057944795324989418e+00,1.069475868789899087e+00
5.500000000000000722e-02,2.301000000000000000e+03,6.660000000000000000e+02,2.021597392823593054e+03,1.057581287827801697e+00,1.066413753748346904e+00
5.500000000000000722e-02,2.301000000000000000e+03,7.980000000000000000e+02,1.952848503628756816e+03,1.056890524696175948e+00,1.063248027357234227e+00
5.500000000000000722e-02,2.301000000000000000e+03,9.296999999999999318e+02,1.910035786619079772e+03,1.055978166974792298e+00,1.060816495063717779e+00
5.500000000000000722e-02,2.301000000000000000e+03,1.128000000000000000e+03,1.870036259062679619e+03,1.054343106079691728e+00,1.057800340167675213e+00
5.500000000000000722e-02,2.301000000000000000e+03,1.589000000000000000e+03,1.802596127271849355e+03,1.050312275086982439e+00,1.051587023300667889e+00
5.500000000000000722e-02,2.301000000000000000e+03,1.984000000000000000e+03,1.785646170827770447e+03,1.047282220616147397e+00,1.048139396179921246e+00
5.500000000000000722e-02,2.301000000000000000e+03,2.380000000000000000e+03,1.774405404198819951e+03,1.044790989153232319e+00,1.045422262410574898e+00
5.500000000000000722e-02,2.301000000000000000e+03,2.578000000000000000e+03,1.767781814306479419e+03,1.043731008957019979e+00,1.044109602665189040e+00
5.500000000000000722e-02,2.838250000000000000e+03,3.618000000000000114e+02,2.037758396590816346e+03,1.057853394282471937e+00,1.067466537152907735e+00
5.500000000000000722e-02,2.838250000000000000e+03,4.460000000000000000e+02,2.204962780559927069e+03,1.057278314700517807e+00,1.072693506108677086e+00
5.500000000000000722e-02,2.838250000000000000e+03,5.580000000000000000e+02,2.090806430988578541e+03,1.056065061295976326e+00,1.067198305733608521e+00
5.500000000000000722e-02,2.838250000000000000e+03,6.660000000000000000e+02,2.014899912460510450e+03,1.054542185836597756e+00,1.062880762857081995e+00
5.500000000000000722e-02,2.838250000000000000e+03,7.980000000000000000e+02,1.943706275315149014e+03,1.052437953401377024e+00,1.058270449115997991e+00
5.500000000000000722e-02,2.838250000000000000e+03,9.296999999999999318e+02,1.898833089249429804e+03,1.050274738247750417e+00,1.054594618886220969e+00
5.500000000000000722e-02,2.838250000000000000e+03,1.128000000000000000e+03,1.856516466173241497e+03,1.047173358248431274e+00,1.050152765716572123e+00
5.500000000000000722e-02,2.838250000000000000e+03,1.589000000000000000e+03,1.786829635819442501e+03,1.041350739545549908e+00,1.042389268149920500e+00
5.500000000000000722e-02,2.838250000000000000e+03,1.984000000000000000e+03,1.769196068199363481e+03,1.037804467084319615e+00,1.038483507506274606e+00
5.500000000000000722e-02,2.838250000000000000e+03,2.380000000000000000e+03,1.757879488913927162e+03,1.035194327162847427e+00,1.035685727735547346e+00
5.500000000000000722e-02,2.838250000000000000e+03,2.578000000000000000e+03,1.751408535664023020e+03,1.034146133900767817e+00,1.034439010220267630e+00
5.500000000000000722e-02,3.375500000000000000e+03,3.618000000000000114e+02,2.031290801268514997e+03,1.054972996250701289e+00,1.064078529235014337e+00
5.500000000000000722e-02,3.375500000000000000e+03,4.460000000000000000e+02,2.192563039888350886e+03,1.052587875704965370e+00,1.066661149729194902e+00
5.500000000000000722e-02,3.375500000000000000e+03,5.580000000000000000e+02,2.074493273604760361e+03,1.049181540729966500e+00,1.058871674600689650e+00
5.500000000000000722e-02,3.375500000000000000e+03,6.660000000000000000e+02,1.996087783734279355e+03,1.045991495171818109e+00,1.052957168336158489e+00
5.500000000000000722e-02,3.375500000000000000e+03,7.980000000000000000e+02,1.923241365654471110e+03,1.042455644756373978e+00,1.047128123028579161e+00
5.500000000000000722e-02,3.375500000000000000e+03,9.296999999999999318e+02,1.877498986531445098e+03,1.039398548991396609e+00,1.042745852371389503e+00
5.500000000000000722e-02,3.375500000000000000e+03,1.128000000000000000e+03,1.834768322652169445e+03,1.035626968440550133e+00,1.037850761676213818e+00
5.500000000000000722e-02,3.375500000000000000e+03,1.589000000000000000e+03,1.766343774309842047e+03,1.029700966016190655e+00,1.030438357017522621e+00
5.500000000000000722e-02,3.375500000000000000e+03,1.984000000000000000e+03,1.749684612731061634e+03,1.026558877486315247e+00,1.027030664559423156e+00
5.500000000000000722e-02,3.375500000000000000e+03,2.380000000000000000e+03,1.739301228478873327e+03,1.024402893404049442e+00,1.024740017691096572e+00
5.500000000000000722e-02,3.375500000000000000e+03,2.578000000000000000e+03,1.733341442068048082e+03,1.023567935168936627e+00,1.023767995413381593e+00
5.500000000000000722e-02,3.912750000000000000e+03,3.618000000000000114e+02,2.002486688374771575e+03,1.042113125438630661e+00,1.048989681264672846e+00
5.500000000000000722e-02,3.912750000000000000e+03,4.460000000000000000e+02,2.153217286001596221e+03,1.037630154794167092e+00,1.047519813168151348e+00
5.500000000000000722e-02,3.912750000000000000e+03,5.580000000000000000e+02,2.035891416455326635e+03,1.032821862753025455e+00,1.039168350592561296e+00
5.500000000000000722e-02,3.912750000000000000e+03,6.660000000000000000e+02,1.959265683334931964e+03,1.029193211445757372e+00,1.033533125523696805e+00
5.500000000000000722e-02,3.912750000000000000e+03,7.980000000000000000e+02,1.889112393992142870e+03,1.025761389461159467e+00,1.028546260826635361e+00
5.500000000000000722e-02,3.912750000000000000e+03,9.296999999999999318e+02,1.845676360128667511e+03,1.023139263092038176e+00,1.025071855244837682e+00
5.500000000000000722e-02,3.912750000000000000e+03,1.128000000000000000e+03,1.805806794636488576e+03,1.020225902495866199e+00,1.021468451419770718e+00
5.500000000000000722e-02,3.912750000000000000e+03,1.589000000000000000e+03,1.742565642303683944e+03,1.016170752620350060e+00,1.016566822136412140e+00
5.500000000000000722e-02,3.912750000000000000e+03,1.984000000000000000e+03,1.728276106429116226e+03,1.014214869131209840e+00,1.014464289857074819e+00
5.500000000000000722e-02,3.912750000000000000e+03,2.380000000000000000e+03,1.719562891299042349e+03,1.012934171074998169e+00,1.013110827956928306e+00
5.500000000000000722e-02,3.912750000000000000e+03,2.578000000000000000e+03,1.714355923882249272e+03,1.012450002758402690e+00,1.012554529085726296e+00
5.500000000000000722e-02,4.450000000000000000e+03,3.618000000000000114e+02,1.920512352482806136e+03,1.005229067103719842e+00,1.006047956369120033e+00
5.500000000000000722e-02,4.450000000000000000e+03,4.460000000000000000e+02,2.066554408235554547e+03,1.004279665343302819e+00,1.005359144053946885e+00
5.500000000000000722e-02,4.450000000000000000e+03,5.580000000000000000e+02,1.967184191209891878e+03,1.003453313285795234e+00,1.004098516634323257e+00
5.500000000000000722e-02,4.450000000000000000e+03,6.660000000000000000e+02,1.902032753478666336e+03,1.002920651009377995e+00,1.003342156845809408e+00
5.500000000000000722e-02,4.450000000000000000e+03,7.980000000000000000e+02,1.841698992004814272e+03,1.002471126407244784e+00,1.002731556798316159e+00
5.500000000000000722e-02,4.450000000000000000e+03,9.296999999999999318e+02,1.804733963909788145e+03,1.002156689851024796e+00,1.002332820949935588e+00
5.500000000000000722e-02,4.450000000000000000e+03,1.128000000000000000e+03,1.771287847470270890e+03,1.001832141062882986e+00,1.001942544433904514e+00
5.500000000000000722e-02,4.450000000000000000e+03,1.589000000000000000e+03,1.716654667093697753e+03,1.001416855844302178e+00,1.001451042800346913e+00
5.500000000000000722e-02,4.450000000000000000e+03,1.984000000000000000e+03,1.705764943462528890e+03,1.001229386809190158e+00,1.001250677247490062e+00
5.500000000000000722e-02,4.450000000000000000e+03,2.380000000000000000e+03,1.699220127813205636e+03,1.001110541337698168e+00,1.001125529796359936e+00
5.500000000000000722e-02,4.450000000000000000e+03,2.578000000000000000e+03,1.694920283279443993e+03,1.001066354482284204e+00,1.001075205776079446e+00
7.750000000000001332e-02,2.301000000000000000e+03,3.618000000000000114e+02,2.095763260583471947e+03,1.083991354098501336e+00,1.097852009448276656e+00
7.750000000000001332e-02,2.301000000000000000e+03,4.460000000000000000e+02,2.274442346745120176e+03,1.083914856232655044e+00,1.106494656908682206e+00
7.750000000000001332e-02,2.301000000000000000e+03,5.580000000000000000e+02,2.155497634867775560e+03,1.083631953776013512e+00,1.100218264995501238e+00
7.750000000000001332e-02,2.301000000000000000e+03,6.660000000000000000e+02,2.077244061723493360e+03,1.083094645125599387e+00,1.095767953192703148e+00
7.750000000000001332e-02,2.301000000000000000e+03,7.980000000000000000e+02,2.004109430149725313e+03,1.082074063379449447e+00,1.091157554851377665e+00
7.750000000000001332e-02,2.301000000000000000e+03,9.296999999999999318e+02,1.958276694502547571e+03,1.080726987048263421e+00,1.087609056322591083e+00
7.750000000000001332e-02,2.301000000000000000e+03,1.128000000000000000e+03,1.914936447416026795e+03,1.078315428231220841e+00,1.083198475783275105e+00
7.750000000000001332e-02,2.301000000000000000e+03,1.589000000000000000e+03,1.841259386049842760e+03,1.072384406604096174e+00,1.074142148430658583e+00
7.750000000000001332e-02,2.301000000000000000e+03,1.984000000000000000e+03,1.821331738034115460e+03,1.067939074170038749e+00,1.069086126542889703e+00
7.750000000000001332e-02,2.301000000000000000e+03,2.380000000000000000e+03,1.807831096045320237e+03,1.064292647511179801e+00,1.065115598730515201e+00
7.750000000000001332e-02,2.301000000000000000e+03,2.578000000000000000e+03,1.800149048017840641e+03,1.062743444771606205e+00,1.063226746679366341e+00
7.750000000000001332e-02,2.838250000000000000e+03,3.618000000000000114e+02,2.094649477287324771e+03,1.083496836424904020e+00,1.097268561282750188e+00
7.750000000000001332e-02,2.838250000000000000e+03,4.460000000000000000e+02,2.271066963819845569e+03,1.082646938727512387e+00,1.104852565089040173e+00
7.750000000000001332e-02,2.838250000000000000e+03,5.580000000000000000e+02,2.148882315623934574e+03,1.080855240281714646e+00,1.096841645627836703e+00
7.750000000000001332e-02,2.838250000000000000e+03,6.660000000000000000e+02,2.067335034679040746e+03,1.078608875453409111e+00,1.090540837861044832e+00
7.750000000000001332e-02,2.838250000000000000e+03,7.980000000000000000e+02,1.990615005206475189e+03,1.075509668534656793e+00,1.083810379341055397e+00
7.750000000000001332e-02,2.838250000000000000e+03,9.296999999999999318e+02,1.941773726845452757e+03,1.072329268224036181e+00,1.078443458258516285e+00
7.750000000000001332e-02,2.838250000000000000e+03,1.128000000000000000e+03,1.895071753964861045e+03,1.067779573482625866e+00,1.071961859707979414e+00
7.750000000000001332e-02,2.838250000000000000e+03,1.589000000000000000e+03,1.818201545401687554e+03,1.059269567728875039e+00,1.060690812524577531e+00
7.750000000000001332e-02,2.838250000000000000e+03,1.984000000000000000e+03,1.797348100674778152e+03,1.054106716355058149e+00,1.055008200248924721e+00
7.750000000000001332e-02,2.838250000000000000e+03,2.380000000000000000e+03,1.783790974328458560e+03,1.050316446516898372e+00,1.050951936709200174e+00
7.750000000000001332e-02,2.838250000000000000e+03,2.578000000000000000e+03,1.776345412091817707e+03,1.048796640938285396e+00,1.049167542852531554e+00
7.750000000000001332e-02,3.375500000000000000e+03,3.618000000000000114e+02,2.085078040769627933e+03,1.079244065323872404e+00,1.092254626258746253e+00
7.750000000000001332e-02,3.375500000000000000e+03,4.460000000000000000e+02,2.252691190805400311e+03,1.075730300338436418e+00,1.095912925583054198e+00
7.750000000000001332e-02,3.375500000000000000e+03,5.580000000000000000e+02,2.124802760742894407e+03,1.070724213393797974e+00,1.084550856872363411e+00
7.750000000000001332e-02,3.375500000000000000e+03,6.660000000000000000e+02,2.039656565925640507e+03,1.066048887923486177e+00,1.075940156307882756e+00
7.750000000000001332e-02,3.375500000000000000e+03,7.980000000000000000e+02,1.960608435658594999e+03,1.060881262117204793e+00,1.067473000471031996e+00
7.750000000000001332e-02,3.375500000000000000e+03,9.296999999999999318e+02,1.910580033501640855e+03,1.056425581503102729e+00,1.061118764829788397e+00
7.750000000000001332e-02,3.375500000000000000e+03,1.128000000000000000e+03,1.863379741568693589e+03,1.050944131192965703e+00,1.054035030037806520e+00
7.750000000000001332e-02,3.375500000000000000e+03,1.589000000000000000e+03,1.788502964491511875e+03,1.042366126382786806e+00,1.043365443950280191e+00
7.750000000000001332e-02,3.375500000000000000e+03,1.984000000000000000e+03,1.769148243561113986e+03,1.037834949370043391e+00,1.038455435378505820e+00
7.750000000000001332e-02,3.375500000000000000e+03,2.380000000000000000e+03,1.756995160792418346e+03,1.034732631172308626e+00,1.035164710214233841e+00
7.750000000000001332e-02,3.375500000000000000e+03,2.578000000000000000e+03,1.750299215421691315e+03,1.033532665978061482e+00,1.033783809500316897e+00
7.750000000000001332e-02,3.912750000000000000e+03,3.618000000000000114e+02,2.042774099729527279e+03,1.060381480192879255e+00,1.070093980754575291e+00
7.750000000000001332e-02,3.912750000000000000e+03,4.460000000000000000e+02,2.194981957241437613e+03,1.053853335582109585e+00,1.067837930108141098e+00
7.750000000000001332e-02,3.912750000000000000e+03,5.580000000000000000e+02,2.068475883646003695e+03,1.046878431009169663e+00,1.055800252840289222e+00
7.750000000000001332e-02,3.912750000000000000e+03,6.660000000000000000e+02,1.986129970274253083e+03,1.041633099532667028e+00,1.047704317660386630e+00
7.750000000000001332e-02,3.912750000000000000e+03,7.980000000000000000e+02,1.911175560768585456e+03,1.036686772426771430e+00,1.040558774090575733e+00
7.750000000000001332e-02,3.912750000000000000e+03,9.296999999999999318e+02,1.864612660334663587e+03,1.032916918866622513e+00,1.035588904063884375e+00
7.750000000000001332e-02,3.912750000000000000e+03,1.128000000000000000e+03,1.821671580150008367e+03,1.028737919572945581e+00,1.030442488918541066e+00
7.750000000000001332e-02,3.912750000000000000e+03,1.589000000000000000e+03,1.754396328460416953e+03,1.022937801127273172e+00,1.023468532314826929e+00
7.750000000000001332e-02,3.912750000000000000e+03,1.984000000000000000e+03,1.738510861005182505e+03,1.020147202348646420e+00,1.020471890722612018e+00
7.750000000000001332e-02,3.912750000000000000e+03,2.380000000000000000e+03,1.728789156623777899e+03,1.018322371157838191e+00,1.018546645017990526e+00
7.750000000000001332e-02,3.912750000000000000e+03,2.578000000000000000e+03,1.723174401841998133e+03,1.017632993768180061e+00,1.017763009817992170e+00
7.750000000000001332e-02,4.450000000000000000e+03,3.618000000000000114e+02,1.925199718269987670e+03,1.007384026561307877e+00,1.008503402575884778e+00
7.750000000000001332e-02,4.450000000000000000e+03,4.460000000000000000e+02,2.070998454723915529e+03,1.006041013968429931e+00,1.007521130574054791e+00
7.750000000000001332e-02,4.450000000000000000e+03,5.580000000000000000e+02,1.970432169159264049e+03,1.004872916419215834e+00,1.005756363345169380e+00
7.750000000000001332e-02,4.450000000000000000e+03,6.660000000000000000e+02,1.904600335354778053e+03,1.004120385871505094e+00,1.004696583120932463e+00
7.750000000000001332e-02,4.450000000000000000e+03,7.980000000000000000e+02,1.843735691389292242e+03,1.003485565367190580e+00,1.003840458281888282e+00
7.750000000000001332e-02,4.450000000000000000e+03,9.296999999999999318e+02,1.806440931203301488e+03,1.003041655661492060e+00,1.003280855051798426e+00
7.750000000000001332e-02,4.450000000000000000e+03,1.128000000000000000e+03,1.772684749279940206e+03,1.002583589748053505e+00,1.002732712647107949e+00
7.750000000000001332e-02,4.450000000000000000e+03,1.589000000000000000e+03,1.717669192105475304e+03,1.001997636565488570e+00,1.002042889926310743e+00
7.750000000000001332e-02,4.450000000000000000e+03,1.984000000000000000e+03,1.706633680755853447e+03,1.001733189451233352e+00,1.001760609056456586e+00
7.750000000000001332e-02,4.450000000000000000e+03,2.380000000000000000e+03,1.699998987904183195e+03,1.001565564958639909e+00,1.001584408965959128e+00
7.750000000000001332e-02,4.450000000000000000e+03,2.578000000000000000e+03,1.695663465330565714e+03,1.001503246176840944e+00,1.001514153337268676e+00
1.000000000000000056e-01,2.301000000000000000e+03,3.618000000000000114e+02,2.155720966935059550e+03,1.111084695149254786e+00,1.129260465564486005e+00
1.000000000000000056e-01,2.301000000000000000e+03,4.460000000000000000e+02,2.344914359499905459e+03,1.110980994750900175e+00,1.140778623563788008e+00
1.000000000000000056e-01,2.301000000000000000e+03,5.580000000000000000e+02,2.218609565463380932e+03,1.110597533593405295e+00,1.132432124875089041e+00
1.000000000000000056e-01,2.301000000000000000e+03,6.660000000000000000e+02,2.135517980607959544e+03,1.109869414354433204e+00,1.126508054463022157e+00
1.000000000000000056e-01,2.301000000000000000e+03,7.980000000000000000e+02,2.057740190521850764e+03,1.108487041485369362e+00,1.120357362243181054e+00
1.000000000000000056e-01,2.301000000000000000e+03,9.296999999999999318e+02,2.008698462645175368e+03,1.106663717642065503e+00,1.115612847524145579e+00
1.000000000000000056e-01,2.301000000000000000e+03,1.128000000000000000e+03,1.961792094024361631e+03,1.103403217238566159e+00,1.109702731345633131e+00
1.000000000000000056e-01,2.301000000000000000e+03,1.589000000000000000e+03,1.881482866743278237e+03,1.095404135805963630e+00,1.097607465863254417e+00
1.000000000000000056e-01,2.301000000000000000e+03,1.984000000000000000e+03,1.858352329099255485e+03,1.089427205836544621e+00,1.090816489813711598e+00
1.000000000000000056e-01,2.301000000000000000e+03,2.380000000000000000e+03,1.842411295569945651e+03,1.084536173880988885e+00,1.085489133626260205e+00
1.000000000000000056e-01,2.301000000000000000e+03,2.578000000000000000e+03,1.833621566636134503e+03,1.082461386907787038e+00,1.082996708012779363e+00
1.000000000000000056e-01,2.838250000000000000e+03,3.618000000000000114e+02,2.154207848549472146e+03,1.110414411070222762e+00,1.128467828298916453e+00
1.000000000000000056e-01,2.838250000000000000e+03,4.460000000000000000e+02,2.340316279123899676e+03,1.109262894940336031e+00,1.138541701016435592e+00
1.000000000000000056e-01,2.838250000000000000e+03,5.580000000000000000e+02,2.209620751680740796e+03,1.106837250824076024e+00,1.127844016336101651e+00
1.000000000000000056e-01,2.838250000000000000e+03,6.660000000000000000e+02,2.122081664485242527e+03,1.103799717078175702e+00,1.119420257276578790e+00
1.000000000000000056e-01,2.838250000000000000e+03,7.980000000000000000e+02,2.039485781206162756e+03,1.099615620112463610e+00,1.110418565321959816e+00
1.000000000000000056e-01,2.838250000000000000e+03,9.296999999999999318e+02,1.986419676124784246e+03,1.095329903496759405e+00,1.103239412221832527e+00
1.000000000000000056e-01,2.838250000000000000e+03,1.128000000000000000e+03,1.935046655667460527e+03,1.089213043142733817e+00,1.094573969186741103e+00
1.000000000000000056e-01,2.838250000000000000e+03,1.589000000000000000e+03,1.850586747686122635e+03,1.077815861989618540e+00,1.079583485128296605e+00
1.000000000000000056e-01,2.838250000000000000e+03,1.984000000000000000e+03,1.826316732346122762e+03,1.070929303862269810e+00,1.072012220756574541e+00
1.000000000000000056e-01,2.838250000000000000e+03,2.380000000000000000e+03,1.810378998713835244e+03,1.065886923334288694e+00,1.066616740558542720e+00
1.000000000000000056e-01,2.838250000000000000e+03,2.578000000000000000e+03,1.801924971315149833e+03,1.063868213747545033e+00,1.064275664907459173e+00
1.000000000000000056e-01,3.375500000000000000e+03,3.618000000000000114e+02,2.141225920666456204e+03,1.104658209380065870e+00,1.121667329463511775e+00
1.000000000000000056e-01,3.375500000000000000e+03,4.460000000000000000e+02,2.315360903639818389e+03,1.099913230454463209e+00,1.126401147234625366e+00
1.000000000000000056e-01,3.375500000000000000e+03,5.580000000000000000e+02,2.177050834959892654e+03,1.093170095852281198e+00,1.111219541001032374e+00
1.000000000000000056e-01,3.375500000000000000e+03,6.660000000000000000e+02,2.084767296400835676e+03,1.086890539631057084e+00,1.099736538115237305e+00
1.000000000000000056e-01,3.375500000000000000e+03,7.980000000000000000e+02,1.999175057084356922e+03,1.079969952563873070e+00,1.088470985761021304e+00
1.000000000000000056e-01,3.375500000000000000e+03,9.296999999999999318e+02,1.944633925021754749e+03,1.074019765645074953e+00,1.080031986298581437e+00
1.000000000000000056e-01,3.375500000000000000e+03,1.128000000000000000e+03,1.892740004738269135e+03,1.066721184605014194e+00,1.070642887889587502e+00
1.000000000000000056e-01,3.375500000000000000e+03,1.589000000000000000e+03,1.811150056539867592e+03,1.055346725569177524e+00,1.056577159959894763e+00
1.000000000000000056e-01,3.375500000000000000e+03,1.984000000000000000e+03,1.788985841510104592e+03,1.049361492937966878e+00,1.050099717586036485e+00
1.000000000000000056e-01,3.375500000000000000e+03,2.380000000000000000e+03,1.774986268736067359e+03,1.045272814275340911e+00,1.045764489005042153e+00
1.000000000000000056e-01,3.375500000000000000e+03,2.578000000000000000e+03,1.767539947605922862e+03,1.043693323279271334e+00,1.043966748302409320e+00
1.000000000000000056e-01,3.912750000000000000e+03,3.618000000000000114e+02,2.084300450100773560e+03,1.079301755619055614e+00,1.091847290423451522e+00
1.000000000000000056e-01,3.912750000000000000e+03,4.460000000000000000e+02,2.237823015985407437e+03,1.070591867452580948e+00,1.088679699372748333e+00
1.000000000000000056e-01,3.912750000000000000e+03,5.580000000000000000e+02,2.101765137057065658e+03,1.061322894518925031e+00,1.072791895066405932e+00
1.000000000000000056e-01,3.912750000000000000e+03,6.660000000000000000e+02,2.013499031455201475e+03,1.054377389507545892e+00,1.062141783485259783e+00
1.000000000000000056e-01,3.912750000000000000e+03,7.980000000000000000e+02,1.933597942493703385e+03,1.047847393385874737e+00,1.052766865549581432e+00
1.000000000000000056e-01,3.912750000000000000e+03,9.296999999999999318e+02,1.883821837526444824e+03,1.042883258624803355e+00,1.046257506277727289e+00
1.000000000000000056e-01,3.912750000000000000e+03,1.128000000000000000e+03,1.837731963628463973e+03,1.037393167727041154e+00,1.039527167905059057e+00
1.000000000000000056e-01,3.912750000000000000e+03,1.589000000000000000e+03,1.766349323545912739e+03,1.029795582302024615e+00,1.030441594295442354e+00
1.000000000000000056e-01,3.912750000000000000e+03,1.984000000000000000e+03,1.748834459473602692e+03,1.026149342542102438e+00,1.026531641216226198e+00
1.000000000000000056e-01,3.912750000000000000e+03,2.380000000000000000e+03,1.738080771126138188e+03,1.023768201762696117e+00,1.024020963700473574e+00
1.000000000000000056e-01,3.912750000000000000e+03,2.578000000000000000e+03,1.732057340623871596e+03,1.022869323953158993e+00,1.023009563214447137e+00
1.000000000000000056e-01,4.450000000000000000e+03,3.618000000000000114e+02,1.929864187201757431e+03,1.009548245255533550e+00,1.010946854413248719e+00
1.000000000000000056e-01,4.450000000000000000e+03,4.460000000000000000e+02,2.075403471209713643e+03,1.007808551705371869e+00,1.009664129367629615e+00
1.000000000000000056e-01,4.450000000000000000e+03,5.580000000000000000e+02,1.973656975044146748e+03,1.006296541918423104e+00,1.007402382472363023e+00
1.000000000000000056e-01,4.450000000000000000e+03,6.660000000000000000e+02,1.907152556096858234e+03,1.005322994515573276e+00,1.006042906237304635e+00
1.000000000000000056e-01,4.450000000000000000e+03,7.980000000000000000e+02,1.845762391966876521e+03,1.004502059506189982e+00,1.004943915814388244e+00
1.000000000000000056e-01,4.450000000000000000e+03,9.296999999999999318e+02,1.808140636282651258e+03,1.003928185811522766e+00,1.004224855785998960e+00
1.000000000000000056e-01,4.450000000000000000e+03,1.128000000000000000e+03,1.774076494983178918e+03,1.003336166564314125e+00,1.003519964269197207e+00
1.000000000000000056e-01,4.450000000000000000e+03,1.589000000000000000e+03,1.718681597874249746e+03,1.002579091335611849e+00,1.002633500741817896e+00
1.000000000000000056e-01,4.450000000000000000e+03,1.984000000000000000e+03,1.707500539285256082e+03,1.002237499359416528e+00,1.002269438067727059e+00
1.000000000000000056e-01,4.450000000000000000e+03,2.380000000000000000e+03,1.700775718132541215e+03,1.002021002401305205e+00,1.002042033289403555e+00
1.000000000000000056e-01,4.450000000000000000e+03,2.578000000000000000e+03,1.696405078212226499e+03,1.001940519379957761e+00,1.001952174095789738e+00
1.000000000000000194e-02,4.550000000000000000e+03,3.618000000000000114e+02,1.906696255947859527e+03,9.989805256901687081e-01,9.988104836884511561e-01
1.000000000000000194e-02,4.550000000000000000e+03,4.460000000000000000e+02,2.053403407161425093e+03,9.991799376579635350e-01,9.989613066049789492e-01
1.000000000000000194e-02,4.550000000000000000e+03,5.580000000000000000e+02,1.957624013372405443e+03,9.993479448004140009e-01,9.992187700258085004e-01
1.000000000000000194e-02,4.550000000000000000e+03,6.660000000000000000e+02,1.894502100030947986e+03,9.994535847820541496e-01,9.993696584443633180e-01
1.000000000000000194e-02,4.550000000000000000e+03,7.980000000000000000e+02,1.835744044657472386e+03,9.995411515421209758e-01,9.994893257658974406e-01
1.000000000000000194e-02,4.550000000000000000e+03,9.296999999999999318e+02,1.799752962682976658e+03,9.996015552649070157e-01,9.995664181943687554e-01
1.000000000000000194e-02,4.550000000000000000e+03,1.128000000000000000e+03,1.767219062127067900e+03,9.996631826199278148e-01,9.996410048251129776e-01
1.000000000000000194e-02,4.550000000000000000e+03,1.589000000000000000e+03,1.713711059811662381e+03,9.997410032432968441e-01,9.997338199723102559e-01
1.000000000000000194e-02,4.550000000000000000e+03,1.984000000000000000e+03,1.703244434151263249e+03,9.997757665179763942e-01,9.997711875530949088e-01
1.000000000000000194e-02,4.550000000000000000e+03,2.380000000000000000e+03,1.696960423992921505e+03,9.997976919362853154e-01,9.997941854065213185e-01
1.000000000000000194e-02,4.550000000000000000e+03,2.578000000000000000e+03,1.692768296034263813e+03,9.998058222628517511e-01,9.998041719135734029e-01
1.000000000000000194e-02,4.787500000000000000e+03,3.618000000000000114e+02,1.893483417835240061e+03,9.930415994140288083e-01,9.918890240249128576e-01
1.000000000000000194e-02,4.787500000000000000e+03,4.460000000000000000e+02,2.041597802442285456e+03,9.946390261187386672e-01,9.932179917383709977e-01
1.000000000000000194e-02,4.787500000000000000e+03,5.580000000000000000e+02,1.949510743254445515e+03,9.958886581295086637e-01,9.950775602057526648e-01
1.000000000000000194e-02,4.787500000000000000e+03,6.660000000000000000e+02,1.888332723460228635e+03,9.966310194343015461e-01,9.961152478231273255e-01
1.000000000000000194e-02,4.787500000000000000e+03,7.980000000000000000e+02,1.831004252789703060e+03,9.972216910923803468e-01,9.969086983674457780e-01
1.000000000000000194e-02,4.787500000000000000e+03,9.296999999999999318e+02,1.795864201334040899e+03,9.976163820408319172e-01,9.974066355278778939e-01
1.000000000000000194e-02,4.787500000000000000e+03,1.128000000000000000e+03,1.764101774938242670e+03,9.980085814127560573e-01,9.978776874387471629e-01
1.000000000000000194e-02,4.787500000000000000e+03,1.589000000000000000e+03,1.711505798035361977e+03,9.984891771847562714e-01,9.984473284327726184e-01
1.000000000000000194e-02,4.787500000000000000e+03,1.984000000000000000e+03,1.701372248242627393e+03,9.986987931090972603e-01,9.986722510225142235e-01
1.000000000000000194e-02,4.787500000000000000e+03,2.380000000000000000e+03,1.695288592239663103e+03,9.988294646405837529e-01,9.988091962210029484e-01
1.000000000000000194e-02,4.787500000000000000e+03,2.578000000000000000e+03,1.691183428761844425e+03,9.988776279166851069e-01,9.988680976058218475e-01
1.000000000000000194e-02,5.025000000000000000e+03,3.618000000000000114e+02,1.875712015780073216e+03,9.850350840153339060e-01,9.825795901666504184e-01
1.000000000000000194e-02,5.025000000000000000e+03,4.460000000000000000e+02,2.026845668406274172e+03,9.889492711939483760e-01,9.860412182702693595e-01
1.000000000000000194e-02,5.025000000000000000e+03,5.580000000000000000e+02,1.939975635546153853e+03,9.918170677186345374e-01,9.902106099991450083e-01
1.000000000000000194e-02,5.025000000000000000e+03,6.660000000000000000e+02,1.881357298308849977e+03,9.934367260728862448e-01,9.924356381510538450e-01
1.000000000000000194e-02,5.025000000000000000e+03,7.980000000000000000e+02,1.825811880325267566e+03,9.946793602621222252e-01,9.940816589069569886e-01
1.000000000000000194e-02,5.025000000000000000e+03,9.296999999999999318e+02,1.791693555200923811e+03,9.954865365780831699e-01,9.950902966173301722e-01
1.000000000000000194e-02,5.025000000000000000e+03,1.128000000000000000e+03,1.760827134051012763e+03,9.962700711578447166e-01,9.960253617270654614e-01
1.000000000000000194e-02,5.025000000000000000e+03,1.589000000000000000e+03,1.709243761392365059e+03,9.972050322931388378e-01,9.971277159338785001e-01
1.000000000000000194e-02,5.025000000000000000e+03,1.984000000000000000e+03,1.699469637978290393e+03,9.976042695856350839e-01,9.975554559898771601e-01
1.000000000000000194e-02,5.025000000000000000e+03,2.380000000000000000e+03,1.693598432605969492e+03,9.978505898717026090e-01,9.978134088412362601e-01
1.000000000000000194e-02,5.025000000000000000e+03,2.578000000000000000e+03,1.689584006713373810e+03,9.979408945680728893e-01,9.979234267725731744e-01
1.000000000000000194e-02,5.262500000000000000e+03,3.618000000000000114e+02,1.852712972199133219e+03,9.746415682611523357e-01,9.705316901554182918e-01
1.000000000000000194e-02,5.262500000000000000e+03,4.460000000000000000e+02,2.008938923431569037e+03,9.820195865714907990e-01,9.773297564627224654e-01
1.000000000000000194e-02,5.262500000000000000e+03,5.580000000000000000e+02,1.929003003698692737e+03,9.871235039427369573e-01,9.846099126110504640e-01
1.000000000000000194e-02,5.262500000000000000e+03,6.660000000000000000e+02,1.873597424475570506e+03,9.898795205806041331e-01,9.883422236004923978e-01
1.000000000000000194e-02,5.262500000000000000e+03,7.980000000000000000e+02,1.820193105354639329e+03,9.919266051697835929e-01,9.910224603093271689e-01
1.000000000000000194e-02,5.262500000000000000e+03,9.296999999999999318e+02,1.787263282343132232e+03,9.932232294985799959e-01,9.926297633864333836e-01
1.000000000000000194e-02,5.262500000000000000e+03,1.128000000000000000e+03,1.757410897502031958e+03,9.944559632692235862e-01,9.940929413442561868e-01
1.000000000000000194e-02,5.262500000000000000e+03,1.589000000000000000e+03,1.706932144182826733e+03,9.958926462879187369e-01,9.957791794405331798e-01
1.000000000000000194e-02,5.262500000000000000e+03,1.984000000000000000e+03,1.697540869657565509e+03,9.964946480410197260e-01,9.964233066894822022e-01
1.000000000000000194e-02,5.262500000000000000e+03,2.380000000000000000e+03,1.691892714775100558e+03,9.968626707280665578e-01,9.968084550749991557e-01
1.000000000000000194e-02,5.262500000000000000e+03,2.578000000000000000e+03,1.687972300714157882e+03,9.969969517730293829e-01,9.969715006373252031e-01
1.000000000000000194e-02,5.500000000000000000e+03,3.618000000000000114e+02,1.823965901308732782e+03,9.615997426761834221e-01,9.554727232690574112e-01
1.000000000000000194e-02,5.500000000000000000e+03,4.460000000000000000e+02,1.987752486381277777e+03,9.737876245062232483e-01,9.670227555274700793e-01
1.000000000000000194e-02,5.500000000000000000e+03,5.580000000000000000e+02,1.916604327179993788e+03,9.818094411367724872e-01,9.782813274402853976e-01
1.000000000000000194e-02,5.500000000000000000e+03,6.660000000000000000e+02,1.865084108483294813e+03,9.859724569855682352e-01,9.838513604363446907e-01
1.000000000000000194e-02,5.500000000000000000e+03,7.980000000000000000e+02,1.814176032321590583e+03,9.889768170182221541e-01,9.877464043218987522e-01
1.000000000000000194e-02,5.500000000000000000e+03,9.296999999999999318e+02,1.782595219253946198e+03,9.908374640471985240e-01,9.900371636248487262e-01
1.000000000000000194e-02,5.500000000000000000e+03,1.128000000000000000e+03,1.753867593016544788e+03,9.925739211174779975e-01,9.920886440094309755e-01
1.000000000000000194e-02,5.500000000000000000e+03,1.589000000000000000e+03,1.704577217071068162e+03,9.945555734703359629e-01,9.944053770928646951e-01
1.000000000000000194e-02,5.500000000000000000e+03,1.984000000000000000e+03,1.695589590845813973e+03,9.953720250087031429e-01,9.952779441708933250e-01
1.000000000000000194e-02,5.500000000000000000e+03,2.380000000000000000e+03,1.690173782303627831e+03,9.958670636504234341e-01,9.957957156700099066e-01
1.000000000000000194e-02,5.500000000000000000e+03,2.578000000000000000e+03,1.686350225396982069e+03,9.960469205800560610e-01,9.960134500446541361e-01
3.250000000000000805e-02,4.550000000000000000e+03,3.618000000000000114e+02,1.901644443249250799e+03,9.966942911847774811e-01,9.961641243277188362e-01
3.250000000000000805e-02,4.550000000000000000e+03,4.460000000000000000e+02,2.048661069315338409e+03,9.973397060039623785e-01,9.966542041649193440e-01
3.250000000000000805e-02,4.550000000000000000e+03,5.580000000000000000e+02,1.954215526434821641e+03,9.978839251459712401e-01,9.974789956349364717e-01
3.250000000000000805e-02,4.550000000000000000e+03,6.660000000000000000e+02,1.891836569709037803e+03,9.982263311508902115e-01,9.979635633403584061e-01
3.250000000000000805e-02,4.550000000000000000e+03,7.980000000000000000e+02,1.833648791773612174e+03,9.985102805117451741e-01,9.983485442401214272e-01
3.250000000000000805e-02,4.550000000000000000e+03,9.296999999999999318e+02,1.798007455361627763e+03,9.987062144905027861e-01,9.985969793117502880e-01
3.250000000000000805e-02,4.550000000000000000e+03,1.128000000000000000e+03,1.765798871694590389e+03,9.989061724600492020e-01,9.988376632239556185e-01
3.250000000000000805e-02,4.550000000000000000e+03,1.589000000000000000e+03,1.712688347937696335e+03,9.991587507725629980e-01,9.991371968469372478e-01
3.250000000000000805e-02,4.550000000000000000e+03,1.984000000000000000e+03,1.702370042813150576e+03,9.992716086753000715e-01,9.992579369303640213e-01
3.250000000000000805e-02,4.550000000000000000e+03,2.380000000000000000e+03,1.696177173341029174e+03,9.993427979467959243e-01,9.993327194604650909e-01
3.250000000000000805e-02,4.550000000000000000e+03,2.578000000000000000e+03,1.692021585546821143e+03,9.993691979516253765e-01,9.993631403427992721e-01
3.250000000000000805e-02,4.787500000000000000e+03,3.618000000000000114e+02,1.859794611825171842e+03,9.777338065559869618e-01,9.742413612045570659e-01
3.250000000000000805e-02,4.787500000000000000e+03,4.460000000000000000e+02,2.011199559381893323e+03,9.827844916399104402e-01,9.784295344385542936e-01
3.250000000000000805e-02,4.787500000000000000e+03,5.580000000000000000e+02,1.928318860706767964e+03,9.867606101510113525e-01,9.842607094370787735e-01
3.250000000000000805e-02,4.787500000000000000e+03,6.660000000000000000e+02,1.872076822108437227e+03,9.891331858542331545e-01,9.875400899590217607e-01
3.250000000000000805e-02,4.787500000000000000e+03,7.980000000000000000e+02,1.818426200015266204e+03,9.910265905826968202e-01,9.900604509096606609e-01
3.250000000000000805e-02,4.787500000000000000e+03,9.296999999999999318e+02,1.785496518608042834e+03,9.922945669520456535e-01,9.916485188850511223e-01
3.250000000000000805e-02,4.787500000000000000e+03,1.128000000000000000e+03,1.755753636172641109e+03,9.935567597652792404e-01,9.931554987735677908e-01
3.250000000000000805e-02,4.787500000000000000e+03,1.589000000000000000e+03,1.705564964985861707e+03,9.951064607097739323e-01,9.949816031668999861e-01
3.250000000000000805e-02,4.787500000000000000e+03,1.984000000000000000e+03,1.696316387729601729e+03,9.957834225437605102e-01,9.957045597341354082e-01
3.250000000000000805e-02,4.787500000000000000e+03,2.380000000000000000e+03,1.690771297245929873e+03,9.962057530074980294e-01,9.961477521444972449e-01
3.250000000000000805e-02,4.787500000000000000e+03,2.578000000000000000e+03,1.686880494839004768e+03,9.963614792210567783e-01,9.963266444739299343e-01
3.250000000000000805e-02,5.025000000000000000e+03,3.618000000000000114e+02,1.805470124962460432e+03,9.529483035882453379e-01,9.457838306302925879e-01
3.250000000000000805e-02,5.025000000000000000e+03,4.460000000000000000e+02,1.965695348947860111e+03,9.649564588861508918e-01,9.562921671035851112e-01
3.250000000000000805e-02,5.025000000000000000e+03,5.580000000000000000e+02,1.898482850574922850e+03,9.738862656550186792e-01,9.690316863239726297e-01
3.250000000000000805e-02,5.025000000000000000e+03,6.660000000000000000e+02,1.850075917481430679e+03,9.789797731275714510e-01,9.759343828224609219e-01
3.250000000000000805e-02,5.025000000000000000e+03,7.980000000000000000e+02,1.801949218365184151e+03,9.829124830260221879e-01,9.810893923745529488e-01
3.250000000000000805e-02,5.025000000000000000e+03,9.296999999999999318e+02,1.772211714344607117e+03,9.854787118107036781e-01,9.842702594853721676e-01
3.250000000000000805e-02,5.025000000000000000e+03,1.128000000000000000e+03,1.745286062096340629e+03,9.879786187801976594e-01,9.872344352834988568e-01
3.250000000000000805e-02,5.025000000000000000e+03,1.589000000000000000e+03,1.698300634330407547e+03,9.909731220753608127e-01,9.907437843151518653e-01
3.250000000000000805e-02,5.025000000000000000e+03,1.984000000000000000e+03,1.690194788512400237e+03,9.922556214008518838e-01,9.921113006596353756e-01
3.250000000000000805e-02,5.025000000000000000e+03,2.380000000000000000e+03,1.685330327181211487e+03,9.930480379726180917e-01,9.929421085969144523e-01
3.250000000000000805e-02,5.025000000000000000e+03,2.578000000000000000e+03,1.681714078137330716e+03,9.933387687455207393e-01,9.932751902469817429e-01
3.250000000000000805e-02,5.262500000000000000e+03,3.618000000000000114e+02,1.738311812221393666e+03,9.220335853569540108e-01,9.106033834964836204e-01
3.250000000000000805e-02,5.262500000000000000e+03,4.460000000000000000e+02,1.912322210390504551e+03,9.438358300955352886e-01,9.303266407754829936e-01
3.250000000000000805e-02,5.262500000000000000e+03,5.580000000000000000e+02,1.864924463688799506e+03,9.593296926805496838e-01,9.519026718455303460e-01
3.250000000000000805e-02,5.262500000000000000e+03,6.660000000000000000e+02,1.826015259993485415e+03,9.678407428619821840e-01,9.632421345239333688e-01
3.250000000000000805e-02,5.262500000000000000e+03,7.980000000000000000e+02,1.784349344683855406e+03,9.742295898676505139e-01,9.715069639687462510e-01
3.250000000000000805e-02,5.262500000000000000e+03,9.296999999999999318e+02,1.758248401240170097e+03,9.783062759954103127e-01,9.765151624496535288e-01
3.250000000000000805e-02,5.262500000000000000e+03,1.128000000000000000e+03,1.734457254388033107e+03,9.822038710087614977e-01,9.811090372213246980e-01
3.250000000000000805e-02,5.262500000000000000e+03,1.589000000000000000e+03,1.690921097917574798e+03,9.867733352643616174e-01,9.864387574639877920e-01
3.250000000000000805e-02,5.262500000000000000e+03,1.984000000000000000e+03,1.684020105946815193e+03,9.886967552979719631e-01,9.884868826973159939e-01
3.250000000000000805e-02,5.262500000000000000e+03,2.380000000000000000e+03,1.679863745887133518e+03,9.898751510822044741e-01,9.897213757415123103e-01
3.250000000000000805e-02,5.262500000000000000e+03,2.578000000000000000e+03,1.676530082717953064e+03,9.903055969719514184e-01,9.902133534559589556e-01
3.250000000000000805e-02,5.500000000000000000e+03,3.618000000000000114e+02,1.658991066785797557e+03,8.851244755228876437e-01,8.690517247737516993e-01
3.250000000000000805e-02,5.500000000000000000e+03,4.460000000000000000e+02,1.851666870260060250e+03,9.195542940126789633e-01,9.008183923631364332e-01
3.250000000000000805e-02,5.500000000000000000e+03,5.580000000000000000e+02,1.827967923899165271e+03,9.432052233327136159e-01,9.330391577178134277e-01
3.250000000000000805e-02,5.500000000000000000e+03,6.660000000000000000e+02,1.800107295862773981e+03,9.558053553310740247e-01,9.495754126639391890e-01
3.250000000000000805e-02,5.500000000000000000e+03,7.980000000000000000e+02,1.765761912548735609e+03,9.650416967983028727e-01,9.613868494209054649e-01
3.250000000000000805e-02,5.500000000000000000e+03,9.296999999999999318e+02,1.743698451598829706e+03,9.708232572998408694e-01,9.684342528195772903e-01
3.250000000000000805e-02,5.500000000000000000e+03,1.128000000000000000e+03,1.723322999396592650e+03,9.762618762850715504e-01,9.748108605627807677e-01
3.250000000000000805e-02,5.500000000000000000e+03,1.589000000000000000e+03,1.683448643831186928e+03,9.825197461832487766e-01,9.820795248934905963e-01
3.250000000000000805e-02,5.500000000000000000e+03,1.984000000000000000e+03,1.677804960571238553e+03,9.851140874480645016e-01,9.848387138565050103e-01
3.250000000000000805e-02,5.500000000000000000e+03,2.380000000000000000e+03,1.674379519343682887e+03,9.866917120546263575e-01,9.864902468760008425e-01
3.250000000000000805e-02,5.500000000000000000e+03,2.578000000000000000e+03,1.671334991659168054e+03,9.872657557129762562e-01,9.871449632183744161e-01
5.500000000000000722e-02,4.550000000000000000e+03,3.618000000000000114e+02,1.896664225083832889e+03,9.944184971901900427e-01,9.935552692994688018e-01
5.500000000000000722e-02,4.550000000000000000e+03,4.460000000000000000e+02,2.043996904625533489e+03,9.955062403525736237e-01,9.943851322248911107e-01
5.500000000000000722e-02,4.550000000000000000e+03,5.580000000000000000e+02,1.950850971819462302e+03,9.964241887207954118e-01,9.957616453667138545e-01
5.500000000000000722e-02,4.550000000000000000e+03,6.660000000000000000e+02,1.889199252435913650e+03,9.970020877731805564e-01,9.965723509144611691e-01
5.500000000000000722e-02,4.550000000000000000e+03,7.980000000000000000e+02,1.831571558487787797e+03,9.974815336564557544e-01,9.972175736659015799e-01
5.500000000000000722e-02,4.550000000000000000e+03,9.296999999999999318e+02,1.796274774899186923e+03,9.978124761900403206e-01,9.976346643498482658e-01
5.500000000000000722e-02,4.550000000000000000e+03,1.128000000000000000e+03,1.764387449041837726e+03,9.981503079475422258e-01,9.980392811845878454e-01
5.500000000000000722e-02,4.550000000000000000e+03,1.589000000000000000e+03,1.711669700558804379e+03,9.985771761186004181e-01,9.985429448407581177e-01
5.500000000000000722e-02,4.550000000000000000e+03,1.984000000000000000e+03,1.701499041213194687e+03,9.987679590406248753e-01,9.987466760176680891e-01
5.500000000000000722e-02,4.550000000000000000e+03,2.380000000000000000e+03,1.695397476847437702e+03,9.988883177098816235e-01,9.988733475095032954e-01
5.500000000000000722e-02,4.550000000000000000e+03,2.578000000000000000e+03,1.691278274983498704e+03,9.989329548295595718e-01,9.989241168781122227e-01
5.500000000000000722e-02,4.787500000000000000e+03,3.618000000000000114e+02,1.827569808322992913e+03,9.628907901414687220e-01,9.573606066153704797e-01
5.500000000000000722e-02,4.787500000000000000e+03,4.460000000000000000e+02,1.982040980368915370e+03,9.712092038313268061e-01,9.642441619550171650e-01
5.500000000000000722e-02,4.787500000000000000e+03,5.580000000000000000e+02,1.907776865601618056e+03,9.777983728687769105e-01,9.737755769792458826e-01
5.500000000000000722e-02,4.787500000000000000e+03,6.660000000000000000e+02,1.856222102967541787e+03,9.817473249721420103e-01,9.791765599041808432e-01
5.500000000000000722e-02,4.787500000000000000e+03,7.980000000000000000e+02,1.806097922070426421e+03,9.849079872387895840e-01,9.833481958723623295e-01
5.500000000000000722e-02,4.787500000000000000e+03,9.296999999999999318e+02,1.775303151647200593e+03,9.870292293529395744e-01,9.859872156319642311e-01
5.500000000000000722e-02,4.787500000000000000e+03,1.128000000000000000e+03,1.747521821970798783e+03,9.891444782650652412e-01,9.884991099892826982e-01
5.500000000000000722e-02,4.787500000000000000e+03,1.589000000000000000e+03,1.699681613971382149e+03,9.917465870170325548e-01,9.915494114037273210e-01
5.500000000000000722e-02,4.787500000000000000e+03,1.984000000000000000e+03,1.691304792507453158e+03,9.928850233549109117e-01,9.927628513061964588e-01
5.500000000000000722e-02,4.787500000000000000e+03,2.380000000000000000e+03,1.686294234695573323e+03,9.935957891219788785e-01,9.935100117221158378e-01
5.500000000000000722e-02,4.787500000000000000e+03,2.578000000000000000e+03,1.682615099930506631e+03,9.938579749104975436e-01,9.938073631083903514e-01
5.500000000000000722e-02,5.025000000000000000e+03,3.618000000000000114e+02,1.740862081544336434e+03,9.228859835806376699e-01,9.119393255627872286e-01
5.500000000000000722e-02,5.025000000000000000e+03,4.460000000000000000e+02,1.908795274779273541e+03,9.421002466896790661e-01,9.286108200097147325e-01
5.500000000000000722e-02,5.025000000000000000e+03,5.580000000000000000e+02,1.859096176866525866e+03,9.565922832812802090e-01,9.489277729118594795e-01
5.500000000000000722e-02,5.025000000000000000e+03,6.660000000000000000e+02,1.820050153515717739e+03,9.649375533883755018e-01,9.600954785116895263e-01
5.500000000000000722e-02,5.025000000000000000e+03,7.980000000000000000e+02,1.778847796316873655e+03,9.714207509387251527e-01,9.685115905756057630e-01
5.500000000000000722e-02,5.025000000000000000e+03,9.296999999999999318e+02,1.753251320045778812e+03,9.756701055778581599e-01,9.737398290264164258e-01
5.500000000000000722e-02,5.025000000000000000e+03,1.128000000000000000e+03,1.730086225284477223e+03,9.798240384226710731e-01,9.786365311133726763e-01
5.500000000000000722e-02,5.025000000000000000e+03,1.589000000000000000e+03,1.687526651243831338e+03,9.848186192228433056e-01,9.844585268291882185e-01
5.500000000000000722e-02,5.025000000000000000e+03,1.984000000000000000e+03,1.681046673889241447e+03,9.869640208339532927e-01,9.867415362046441096e-01
5.500000000000000722e-02,5.025000000000000000e+03,2.380000000000000000e+03,1.677172055296272219e+03,9.882914930200688008e-01,9.881355187211555702e-01
5.500000000000000722e-02,5.025000000000000000e+03,2.578000000000000000e+03,1.673945655299324926e+03,9.887788946002649126e-01,9.886869063212827546e-01
5.500000000000000722e-02,5.262500000000000000e+03,3.618000000000000114e+02,1.638070430024507459e+03,8.748139715440028663e-01,8.580925847128053618e-01
5.500000000000000722e-02,5.262500000000000000e+03,4.460000000000000000e+02,1.825574023798681765e+03,9.085103258857601949e-01,8.881244697256288623e-01
5.500000000000000722e-02,5.262500000000000000e+03,5.580000000000000000e+02,1.805515488579545490e+03,9.330581649244276132e-01,9.215788902451510500e-01
5.500000000000000722e-02,5.262500000000000000e+03,6.660000000000000000e+02,1.781134449179599869e+03,9.467619393312906029e-01,9.395670377409600649e-01
5.500000000000000722e-02,5.262500000000000000e+03,7.980000000000000000e+02,1.750104349278358541e+03,9.571529727896745943e-01,9.528619314718097533e-01
5.500000000000000722e-02,5.262500000000000000e+03,9.296999999999999318e+02,1.730310534362899944e+03,9.638307601128563995e-01,9.609987254132761336e-01
5.500000000000000722e-02,5.262500000000000000e+03,1.128000000000000000e+03,1.712196552388744976e+03,9.702500057544991563e-01,9.685171005499892960e-01
5.500000000000000722e-02,5.262500000000000000e+03,1.589000000000000000e+03,1.675251005665123785e+03,9.778195184579417942e-01,9.772972390632236328e-01
5.500000000000000722e-02,5.262500000000000000e+03,1.984000000000000000e+03,1.670750714479640692e+03,9.810199570144820802e-01,9.806980092982641173e-01
5.500000000000000722e-02,5.262500000000000000e+03,2.380000000000000000e+03,1.668047244153480960e+03,9.829849077655588019e-01,9.827594751820675212e-01
5.500000000000000722e-02,5.262500000000000000e+03,2.578000000000000000e+03,1.665283165616981933e+03,9.837034615605598775e-01,9.835705573538222612e-01
5.500000000000000722e-02,5.500000000000000000e+03,3.618000000000000114e+02,1.522515502141996649e+03,8.199171156610479683e-01,7.975598842101034869e-01
5.500000000000000722e-02,5.500000000000000000e+03,4.460000000000000000e+02,1.734349588356720687e+03,8.710431311891949635e-01,8.437446460117009606e-01
5.500000000000000722e-02,5.500000000000000000e+03,5.580000000000000000e+02,1.747898446392781580e+03,9.075219496363808869e-01,8.921697546638992504e-01
5.500000000000000722e-02,5.500000000000000000e+03,6.660000000000000000e+02,1.739962782065007559e+03,9.274294525616040286e-01,9.178485530260458436e-01
5.500000000000000722e-02,5.500000000000000000e+03,7.980000000000000000e+02,1.720148187363768102e+03,9.422377508865946716e-01,9.365519975451904733e-01
5.500000000000000722e-02,5.500000000000000000e+03,9.296999999999999318e+02,1.706660676748850165e+03,9.516015871496895651e-01,9.478638097019321807e-01
5.500000000000000722e-02,5.500000000000000000e+03,1.128000000000000000e+03,1.693956862287349168e+03,9.604773099102802414e-01,9.581996800720140595e-01
5.500000000000000722e-02,5.500000000000000000e+03,1.589000000000000000e+03,1.662894172374418304e+03,9.707717440025068756e-01,9.700885885280303711e-01
5.500000000000000722e-02,5.500000000000000000e+03,1.984000000000000000e+03,1.660438739554126414e+03,9.750654222578097885e-01,9.746450815971168247e-01
5.500000000000000722e-02,5.500000000000000000e+03,2.380000000000000000e+03,1.658933309646393127e+03,9.776838898598364525e-01,9.773898398048783687e-01
5.500000000000000722e-02,5.500000000000000000e+03,2.578000000000000000e+03,1.656638536880805532e+03,9.786380675600521162e-01,9.784647576437724981e-01
7.750000000000001332e-02,4.550000000000000000e+03,3.618000000000000114e+02,1.891756114633325069e+03,9.921530723515615824e-01,9.909841874306207776e-01
7.750000000000001332e-02,4.550000000000000000e+03,4.460000000000000000e+02,2.039411814733993424e+03,9.936795034573010499e-01,9.921545294251782332e-01
7.750000000000001332e-02,4.550000000000000000e+03,5.580000000000000000e+02,1.947531212509678880e+03,9.949687167554107647e-01,9.940671597087713529e-01
7.750000000000001332e-02,4.550000000000000000e+03,6.660000000000000000e+02,1.886590891395423341e+03,9.957808435869989205e-01,9.951964132039187172e-01
7.750000000000001332e-02,4.550000000000000000e+03,7.980000000000000000e+02,1.829512933717025817e+03,9.964549044175141645e-01,9.960967346850414517e-01
7.750000000000001332e-02,4.550000000000000000e+03,9.296999999999999318e+02,1.794555403575315268e+03,9.969203360652231227e-01,9.966797411623978808e-01
7.750000000000001332e-02,4.550000000000000000e+03,1.128000000000000000e+03,1.762985192797272930e+03,9.973955864836658858e-01,9.972460841942544230e-01
7.750000000000001332e-02,4.550000000000000000e+03,1.589000000000000000e+03,1.710655131811678075e+03,9.979962780984985571e-01,9.979510722007457479e-01
7.750000000000001332e-02,4.550000000000000000e+03,1.984000000000000000e+03,1.700631527235985004e+03,9.982648168459014038e-01,9.982374622713474643e-01
7.750000000000001332e-02,4.550000000000000000e+03,2.380000000000000000e+03,1.694620306562755104e+03,9.984342506613013146e-01,9.984154639191081815e-01
7.750000000000001332e-02,4.550000000000000000e+03,2.578000000000000000e+03,1.690536873061421147e+03,9.984970923976833612e-01,9.984862207192023442e-01
7.750000000000001332e-02,4.787500000000000000e+03,3.618000000000000114e+02,1.796728144813686185e+03,9.484916993379116645e-01,9.412044009526214783e-01
7.750000000000001332e-02,4.787500000000000000e+03,4.460000000000000000e+02,1.954064743375116905e+03,9.599034106073407457e-01,9.506339876640097497e-01
7.750000000000001332e-02,4.787500000000000000e+03,5.580000000000000000e+02,1.887865462626314638e+03,9.689974690284939296e-01,9.636123140367381934e-01
7.750000000000001332e-02,4.787500000000000000e+03,6.660000000000000000e+02,1.840760893103143871e+03,9.744709470771513171e-01,9.710206101055147698e-01
7.750000000000001332e-02,4.787500000000000000e+03,7.980000000000000000e+02,1.794016839721135284e+03,9.788644728731138445e-01,9.767705289656077872e-01
7.750000000000001332e-02,4.787500000000000000e+03,9.296999999999999318e+02,1.765283355284252821e+03,9.818194749421836898e-01,9.804223119095010208e-01
7.750000000000001332e-02,4.787500000000000000e+03,1.128000000000000000e+03,1.739406682533028970e+03,9.847712124601927242e-01,9.839087191793827181e-01
7.750000000000001332e-02,4.787500000000000000e+03,1.589000000000000000e+03,1.693855134273447675e+03,9.884093255062791350e-01,9.881503968662082027e-01
7.750000000000001332e-02,4.787500000000000000e+03,1.984000000000000000e+03,1.686337555104611056e+03,9.900034477782972964e-01,9.898471800510766361e-01
7.750000000000001332e-02,4.787500000000000000e+03,2.380000000000000000e+03,1.681851143211954195e+03,9.909994652130210691e-01,9.908922859532971472e-01
7.750000000000001332e-02,4.787500000000000000e+03,2.578000000000000000e+03,1.678378382816148132e+03,9.913670199112791792e-01,9.913050197835082677e-01
7.750000000000001332e-02,5.025000000000000000e+03,3.618000000000000114e+02,1.681260017655117281e+03,8.946623885319403557e-01,8.807171704469338724e-01
7.750000000000001332e-02,5.025000000000000000e+03,4.460000000000000000e+02,1.855748985040595016e+03,9.203017379450117996e-01,9.028043025358052365e-01
7.750000000000001332e-02,5.025000000000000000e+03,5.580000000000000000e+02,1.821678112706948014e+03,9.399017871592866280e-01,9.298286855534702022e-01
7.750000000000001332e-02,5.025000000000000000e+03,6.660000000000000000e+02,1.791218843568365173e+03,9.512924727591293150e-01,9.448866611796218340e-01
7.750000000000001332e-02,5.025000000000000000e+03,7.980000000000000000e+02,1.756480571190155388e+03,9.601946249386896781e-01,9.563335296818666897e-01
7.750000000000001332e-02,5.025000000000000000e+03,9.296999999999999318e+02,1.734798337273635298e+03,9.660548279537204408e-01,9.634912103120696347e-01
7.750000000000001332e-02,5.025000000000000000e+03,1.128000000000000000e+03,1.715221550906531547e+03,9.718029686857420080e-01,9.702282141423670403e-01
7.750000000000001332e-02,5.025000000000000000e+03,1.589000000000000000e+03,1.676918319176712203e+03,9.787400904069781804e-01,9.782699057776550466e-01
7.750000000000001332e-02,5.025000000000000000e+03,1.984000000000000000e+03,1.672023930499033668e+03,9.817285600385721178e-01,9.814453622126181331e-01
7.750000000000001332e-02,5.025000000000000000e+03,2.380000000000000000e+03,1.669111076392115820e+03,9.835802970672589129e-01,9.833862507222610461e-01
7.750000000000001332e-02,5.025000000000000000e+03,2.578000000000000000e+03,1.666261634151289172e+03,9.842606929281980666e-01,9.841484727867721993e-01
7.750000000000001332e-02,5.262500000000000000e+03,3.618000000000000114e+02,1.549547768104897386e+03,8.321952028570803739e-01,8.117205616422713543e-01
7.750000000000001332e-02,5.262500000000000000e+03,4.460000000000000000e+02,1.747302016270602053e+03,8.757337198073847917e-01,8.500458794992036271e-01
7.750000000000001332e-02,5.262500000000000000e+03,5.580000000000000000e+02,1.750311160968021113e+03,9.081871897575866104e-01,8.934012626929314083e-01
7.750000000000001332e-02,5.262500000000000000e+03,6.660000000000000000e+02,1.738750180973469469e+03,9.265817244874263725e-01,9.172088932765739555e-01
7.750000000000001332e-02,5.262500000000000000e+03,7.980000000000000000e+02,1.717366303171874506e+03,9.406646922898106444e-01,9.350373726913573380e-01
7.750000000000001332e-02,5.262500000000000000e+03,9.296999999999999318e+02,1.703400417767286854e+03,9.497773723591226291e-01,9.460530915310731981e-01
7.750000000000001332e-02,5.262500000000000000e+03,1.128000000000000000e+03,1.690605176413395611e+03,9.585836097605053840e-01,9.563037732731906049e-01
7.750000000000001332e-02,5.262500000000000000e+03,1.589000000000000000e+03,1.659911665917612709e+03,9.690267313778604397e-01,9.683486729476978860e-01
7.750000000000001332e-02,5.262500000000000000e+03,1.984000000000000000e+03,1.657727501180206218e+03,9.734614541868952253e-01,9.730536376713455615e-01
7.750000000000001332e-02,5.262500000000000000e+03,2.380000000000000000e+03,1.656422712887684156e+03,9.761899234802347003e-01,9.759106774120681616e-01
7.750000000000001332e-02,5.262500000000000000e+03,2.578000000000000000e+03,1.654204790231039624e+03,9.771887729420347668e-01,9.770273074862304563e-01
7.750000000000001332e-02,5.500000000000000000e+03,3.618000000000000114e+02,1.407785385377779903e+03,7.636582085855555535e-01,7.374592556692807221e-01
7.750000000000001332e-02,5.500000000000000000e+03,4.460000000000000000e+02,1.632227655291140763e+03,8.273938976947002866e-01,7.940632929310404986e-01
7.750000000000001332e-02,5.500000000000000000e+03,5.580000000000000000e+02,1.675246991033940731e+03,8.744401898521062533e-01,8.550866900057442210e-01
7.750000000000001332e-02,5.500000000000000000e+03,6.660000000000000000e+02,1.684155481169957739e+03,9.006898171999009328e-01,8.884096185253784750e-01
7.750000000000001332e-02,5.500000000000000000e+03,7.980000000000000000e+02,1.677115452337729721e+03,9.204866414235394201e-01,9.131223917446373850e-01
7.750000000000001332e-02,5.500000000000000000e+03,9.296999999999999318e+02,1.671364274707154436e+03,9.331262924277987647e-01,9.282605091959721388e-01
7.750000000000001332e-02,5.500000000000000000e+03,1.128000000000000000e+03,1.665711778615741650e+03,9.451950436797685873e-01,9.422226320489631712e-01
7.750000000000001332e-02,5.500000000000000000e+03,1.589000000000000000e+03,1.642891464434081854e+03,9.593013643343443198e-01,9.584195364410462714e-01
7.750000000000001332e-02,5.500000000000000000e+03,1.984000000000000000e+03,1.643478609298698530e+03,9.652196900487947095e-01,9.646898166765103255e-01
7.750000000000001332e-02,5.500000000000000000e+03,2.380000000000000000e+03,1.643804402065906970e+03,9.688390502876186305e-01,9.684763768763017255e-01
7.750000000000001332e-02,5.500000000000000000e+03,2.578000000000000000e+03,1.642222504934842618e+03,9.701598672932522094e-01,9.699501789410760466e-01
1.000000000000000056e-01,4.550000000000000000e+03,3.618000000000000114e+02,1.886920616501308587e+03,9.898979459627947897e-01,9.884511430544922206e-01
1.000000000000000056e-01,4.550000000000000000e+03,4.460000000000000000e+02,2.034906498005861749e+03,9.918594583445337065e-01,9.899627355138078677e-01
1.000000000000000056e-01,4.550000000000000000e+03,5.580000000000000000e+02,1.944257051405773382e+03,9.935174905898460640e-01,9.923959484808937415e-01
1.000000000000000056e-01,4.550000000000000000e+03,6.660000000000000000e+02,1.884012195436435377e+03,9.945625875845522934e-01,9.938361241339179752e-01
1.000000000000000056e-01,4.550000000000000000e+03,7.980000000000000000e+02,1.827473498540732635e+03,9.954303862631552757e-01,9.949863436720738363e-01
1.000000000000000056e-01,4.550000000000000000e+03,9.296999999999999318e+02,1.792849831101395239e+03,9.960297898331130773e-01,9.957324817306446585e-01
1.000000000000000056e-01,4.550000000000000000e+03,1.128000000000000000e+03,1.761592518044308235e+03,9.966420054775335657e-01,9.964583070480683702e-01
1.000000000000000056e-01,4.550000000000000000e+03,1.589000000000000000e+03,1.709645072616838888e+03,9.974160555320983335e-01,9.973618303145636022e-01
1.000000000000000056e-01,4.550000000000000000e+03,1.984000000000000000e+03,1.699767649209427191e+03,9.977621813246277949e-01,9.977303827569834471e-01
1.000000000000000056e-01,4.550000000000000000e+03,2.380000000000000000e+03,1.693846678715304961e+03,9.979805962378386353e-01,9.979596674181330229e-01
1.000000000000000056e-01,4.550000000000000000e+03,2.578000000000000000e+03,1.689798330926306562e+03,9.980616101578970722e-01,9.980500136437558956e-01
1.000000000000000056e-01,4.787500000000000000e+03,3.618000000000000114e+02,1.767194845160524665e+03,9.345169121519644184e-01,9.257335732214231339e-01
1.000000000000000056e-01,4.787500000000000000e+03,4.460000000000000000e+02,1.927216222737837597e+03,9.488578087510320946e-01,9.375724366980924263e-01
1.000000000000000056e-01,4.787500000000000000e+03,5.580000000000000000e+02,1.868565939824540237e+03,9.603535811322407856e-01,9.537613695732747310e-01
1.000000000000000056e-01,4.787500000000000000e+03,6.660000000000000000e+02,1.825685591373749048e+03,9.673016357269101917e-01,9.630682308814405568e-01
1.000000000000000056e-01,4.787500000000000000e+03,7.980000000000000000e+02,1.782180382682185837e+03,9.728946736505684756e-01,9.703260507717406114e-01
1.000000000000000056e-01,4.787500000000000000e+03,9.296999999999999318e+02,1.755436425693313140e+03,9.766644282005768618e-01,9.749534168191689165e-01
1.000000000000000056e-01,4.787500000000000000e+03,1.128000000000000000e+03,1.731408638694698084e+03,9.804364471328692598e-01,9.793845643926177846e-01
1.000000000000000056e-01,4.787500000000000000e+03,1.589000000000000000e+03,1.688087298030271995e+03,9.850944486707619019e-01,9.847855933730227385e-01
1.000000000000000056e-01,4.787500000000000000e+03,1.984000000000000000e+03,1.681415051275614360e+03,9.871385497600846382e-01,9.869577665293450819e-01
1.000000000000000056e-01,4.787500000000000000e+03,2.380000000000000000e+03,1.677447479097371570e+03,9.884166746331309872e-01,9.882977895148454817e-01
1.000000000000000056e-01,4.787500000000000000e+03,2.578000000000000000e+03,1.674175498577512599e+03,9.888885201004428138e-01,9.888226592586202290e-01
1.000000000000000056e-01,5.025000000000000000e+03,3.618000000000000114e+02,1.626126589145848811e+03,8.681138293263700456e-01,8.518358810307705697e-01
1.000000000000000056e-01,5.025000000000000000e+03,4.460000000000000000e+02,1.806206663744425214e+03,8.994891729642767730e-01,8.787024325176384654e-01
1.000000000000000056e-01,5.025000000000000000e+03,5.580000000000000000e+02,1.786102716362814135e+03,9.237837303461835514e-01,9.116701405339248110e-01
1.000000000000000056e-01,5.025000000000000000e+03,6.660000000000000000e+02,1.763524629912693854e+03,9.380279184521504998e-01,9.302776740259516286e-01
1.000000000000000056e-01,5.025000000000000000e+03,7.980000000000000000e+02,1.734821805289055192e+03,9.492250018756223096e-01,9.445411965456579351e-01
1.000000000000000056e-01,5.025000000000000000e+03,9.296999999999999318e+02,1.716839367450484588e+03,9.566272189286818550e-01,9.535169618942050951e-01
1.000000000000000056e-01,5.025000000000000000e+03,1.128000000000000000e+03,1.700686294932030023e+03,9.639121573449790370e-01,9.620062352156275587e-01
1.000000000000000056e-01,5.025000000000000000e+03,1.589000000000000000e+03,1.666476527487303883e+03,9.727361374694236673e-01,9.721784399886937988e-01
1.000000000000000056e-01,5.025000000000000000e+03,1.984000000000000000e+03,1.663125733593728910e+03,9.765483503297870405e-01,9.762222945725756995e-01
1.000000000000000056e-01,5.025000000000000000e+03,2.380000000000000000e+03,1.661156189839418857e+03,9.789138046536284277e-01,9.786994889047749835e-01
1.000000000000000056e-01,5.025000000000000000e+03,2.578000000000000000e+03,1.658670458017375040e+03,9.797835950636950564e-01,9.796648765461060115e-01
1.000000000000000056e-01,5.262500000000000000e+03,3.618000000000000114e+02,1.470834246331875875e+03,7.935360910795726808e-01,7.704869931020901230e-01
1.000000000000000056e-01,5.262500000000000000e+03,4.460000000000000000e+02,1.676362501694561615e+03,8.452397458776896855e-01,8.155344776364943371e-01
1.000000000000000056e-01,5.262500000000000000e+03,5.580000000000000000e+02,1.698906184790516363e+03,8.846076783950324041e-01,8.671629162492718867e-01
1.000000000000000056e-01,5.262500000000000000e+03,6.660000000000000000e+02,1.698677769465195524e+03,9.072438373244603449e-01,8.960702773830304668e-01
1.000000000000000056e-01,5.262500000000000000e+03,7.980000000000000000e+02,1.686050404327899059e+03,9.247348585339064675e-01,9.179871163049021510e-01
1.000000000000000056e-01,5.262500000000000000e+03,9.296999999999999318e+02,1.677471991347267931e+03,9.361279132461949315e-01,9.316526794392723243e-01
1.000000000000000056e-01,5.262500000000000000e+03,1.128000000000000000e+03,1.669660879147549849e+03,9.471944365428017765e-01,9.444564710270356711e-01
1.000000000000000056e-01,5.262500000000000000e+03,1.589000000000000000e+03,1.644899426321177998e+03,9.603906686852649033e-01,9.595909284305255138e-01
1.000000000000000056e-01,5.262500000000000000e+03,1.984000000000000000e+03,1.644946164284011275e+03,9.660185334143812641e-01,9.655512427648901275e-01
1.000000000000000056e-01,5.262500000000000000e+03,2.380000000000000000e+03,1.645000598200052536e+03,9.694882363245218571e-01,9.691811369417783206e-01
1.000000000000000056e-01,5.262500000000000000e+03,2.578000000000000000e+03,1.643305254705018569e+03,9.707598051675250250e-01,9.705896862734714192e-01
1.000000000000000056e-01,5.500000000000000000e+03,3.618000000000000114e+02,1.310025815392301638e+03,7.146240247236556042e-01,6.862485381374366922e-01
1.000000000000000056e-01,5.500000000000000000e+03,4.460000000000000000e+02,1.542579142416067270e+03,7.879105579109630941e-01,7.504501406178883949e-01
1.000000000000000056e-01,5.500000000000000000e+03,5.580000000000000000e+02,1.609061232239916762e+03,8.436854522121488564e-01,8.213038736714369792e-01
1.000000000000000056e-01,5.500000000000000000e+03,6.660000000000000000e+02,1.632255674919758121e+03,8.754488849681282270e-01,8.610319282896466975e-01
1.000000000000000056e-01,5.500000000000000000e+03,7.980000000000000000e+02,1.636466831918981143e+03,8.997171009024782506e-01,8.909908411431864961e-01
1.000000000000000056e-01,5.500000000000000000e+03,9.296999999999999318e+02,1.637701693856241718e+03,9.153547285574300529e-01,9.095646181120289331e-01
1.000000000000000056e-01,5.500000000000000000e+03,1.128000000000000000e+03,1.638534440751016064e+03,9.303914766428924565e-01,9.268495626237917007e-01
1.000000000000000056e-01,5.500000000000000000e+03,1.589000000000000000e+03,1.623427272484101422e+03,9.480988811584233344e-01,9.470646403753310016e-01
1.000000000000000056e-01,5.500000000000000000e+03,1.984000000000000000e+03,1.626913704731891585e+03,9.555708049204366672e-01,9.549665415091895815e-01
1.000000000000000056e-01,5.500000000000000000e+03,2.380000000000000000e+03,1.629002627657083394e+03,9.601528096182495586e-01,9.597556502297605041e-01
1.000000000000000056e-01,5.500000000000000000e+03,2.578000000000000000e+03,1.628097127917449370e+03,9.618273031224352509e-01,9.616072705200431336e-01
