f_spot,tempSpot,wavelength,D_lambda,epsilon_Rackham,epsilon_ourWork
0.000000000000000000e+00,nan,4.460000000000000000e+02,1.829143107820851947e+04,nan,nan
0.000000000000000000e+00,nan,5.580000000000000000e+02,1.794568378224426124e+04,nan,nan
0.000000000000000000e+00,nan,6.660000000000000000e+02,1.765660865799656312e+04,nan,nan
0.000000000000000000e+00,nan,8.640000000000000000e+02,1.730957863451665253e+04,nan,nan
0.000000000000000000e+00,nan,1.062000000000000000e+03,1.715986675193925839e+04,nan,nan
0.000000000000000000e+00,nan,1.392000000000000000e+03,1.708743369721410636e+04,nan,nan
0.000000000000000000e+00,nan,2.050000000000000000e+03,1.680191910921579984e+04,nan,nan
0.000000000000000000e+00,nan,3.105000000000000000e+03,1.664202150785765116e+04,nan,nan
0.000000000000000000e+00,nan,4.027000000000000000e+03,1.655696845708731780e+04,nan,nan
0.000000000000000000e+00,nan,5.150000000000000000e+03,1.660661297509890937e+04,nan,nan
1.000000000000000194e-02,4.450000000000000000e+03,4.460000000000000000e+02,1.838720354379674973e+04,1.003691179681078571e+00,1.005235919769138730e+00
1.000000000000000194e-02,4.450000000000000000e+03,5.580000000000000000e+02,1.801902498317497884e+04,1.003084709464314050e+00,1.004086843489534919e+00
1.000000000000000194e-02,4.450000000000000000e+03,6.660000000000000000e+02,1.771614028209389653e+04,1.002669525237458448e+00,1.003371634114480493e+00
1.000000000000000194e-02,4.450000000000000000e+03,8.640000000000000000e+02,1.735431518755459183e+04,1.002161520464579514e+00,1.002584496941406167e+00
1.000000000000000194e-02,4.450000000000000000e+03,1.062000000000000000e+03,1.719667359146204035e+04,1.001840774308174753e+00,1.002144937373632194e+00
1.000000000000000194e-02,4.450000000000000000e+03,1.392000000000000000e+03,1.711694040644307097e+04,1.001515492012309494e+00,1.001726807533057206e+00
1.000000000000000194e-02,4.450000000000000000e+03,2.050000000000000000e+03,1.682384357225985514e+04,1.001196670345197548e+00,1.001304878502362827e+00
1.000000000000000194e-02,4.450000000000000000e+03,3.105000000000000000e+03,1.665961453883668582e+04,1.000984925795970870e+00,1.001057145069228937e+00
1.000000000000000194e-02,4.450000000000000000e+03,4.027000000000000000e+03,1.657264010634251827e+04,1.000896728972380467e+00,1.000946528906896171e+00
1.000000000000000194e-02,4.450000000000000000e+03,5.150000000000000000e+03,1.662094449712314599e+04,1.000834605057011606e+00,1.000863000904864020e+00
1.482758620689655048e-02,4.450000000000000000e+03,4.460000000000000000e+02,1.843367397884943057e+04,1.005482898737523056e+00,1.007776477413534488e+00
1.482758620689655048e-02,4.450000000000000000e+03,5.580000000000000000e+02,1.805457766194151918e+04,1.004580700993428000e+00,1.006067970494665564e+00
1.482758620689655048e-02,4.450000000000000000e+03,6.660000000000000000e+02,1.774498157086812353e+04,1.003963369296958952e+00,1.005005089855210532e+00
1.482758620689655048e-02,4.450000000000000000e+03,8.640000000000000000e+02,1.737597459074868675e+04,1.003208361003740112e+00,1.003835792750011668e+00
1.482758620689655048e-02,4.450000000000000000e+03,1.062000000000000000e+03,1.721448675108394673e+04,1.002731851633231530e+00,1.003183008349322725e+00
1.482758620689655048e-02,4.450000000000000000e+03,1.392000000000000000e+03,1.713121612501633354e+04,1.002248754072172066e+00,1.002562258825874242e+00
1.482758620689655048e-02,4.450000000000000000e+03,2.050000000000000000e+03,1.683444823905777594e+04,1.001775398923616889e+00,1.001936036570020949e+00
1.482758620689655048e-02,4.450000000000000000e+03,3.105000000000000000e+03,1.666810800799422941e+04,1.001461101941539589e+00,1.001567507897058062e+00
1.482758620689655048e-02,4.450000000000000000e+03,4.027000000000000000e+03,1.658022221659572097e+04,1.001330208466308713e+00,1.001404469638791150e+00
1.482758620689655048e-02,4.450000000000000000e+03,5.150000000000000000e+03,1.662787738105053722e+04,1.001238016655895180e+00,1.001280478203683932e+00
1.965517241379310248e-02,4.450000000000000000e+03,4.460000000000000000e+02,1.848016730934931547e+04,1.007281026135928625e+00,1.010318286761370254e+00
1.965517241379310248e-02,4.450000000000000000e+03,5.580000000000000000e+02,1.809012581486679846e+04,1.006081161404060342e+00,1.008048845303150198e+00
1.965517241379310248e-02,4.450000000000000000e+03,6.660000000000000000e+02,1.777380803593719975e+04,1.005260556821817586e+00,1.006637706040313551e+00
1.965517241379310248e-02,4.450000000000000000e+03,8.640000000000000000e+02,1.739761368619397035e+04,1.004257390852749898e+00,1.005085915349884340e+00
1.965517241379310248e-02,4.450000000000000000e+03,1.062000000000000000e+03,1.723227876042399294e+04,1.003624515489163205e+00,1.004219846781534642e+00
1.965517241379310248e-02,4.450000000000000000e+03,1.392000000000000000e+03,1.714547203400784565e+04,1.002983090638020602e+00,1.003396550811676446e+00
1.965517241379310248e-02,4.450000000000000000e+03,2.050000000000000000e+03,1.684503668693848522e+04,1.002354796941896442e+00,1.002566229336209203e+00
1.965517241379310248e-02,4.450000000000000000e+03,3.105000000000000000e+03,1.667658441876951474e+04,1.001937731343957250e+00,1.002076845706246999e+00
1.965517241379310248e-02,4.450000000000000000e+03,4.027000000000000000e+03,1.658779369597229743e+04,1.001764063595167675e+00,1.001861768291995691e+00
1.965517241379310248e-02,4.450000000000000000e+03,5.150000000000000000e+03,1.663479998581252221e+04,1.001641753596329787e+00,1.001697336522256343e+00
2.448275862068964928e-02,4.450000000000000000e+03,4.460000000000000000e+02,1.852685806742659770e+04,1.009085596318429978e+00,1.012870889555413489e+00
2.448275862068964928e-02,4.450000000000000000e+03,5.580000000000000000e+02,1.812580302661859241e+04,1.007586110750577468e+00,1.010036911747689725e+00
2.448275862068964928e-02,4.450000000000000000e+03,6.660000000000000000e+02,1.780272810653726992e+04,1.006561100788740726e+00,1.008275623669924403e+00
2.448275862068964928e-02,4.450000000000000000e+03,8.640000000000000000e+02,1.741931395588503074e+04,1.005308616886717132e+00,1.006339572076558664e+00
2.448275862068964928e-02,4.450000000000000000e+03,1.062000000000000000e+03,1.725011652566466000e+04,1.004518770116886062e+00,1.005259351662226797e+00
2.448275862068964928e-02,4.450000000000000000e+03,1.392000000000000000e+03,1.715976136376295835e+04,1.003718504073422890e+00,1.004232798665410042e+00
2.448275862068964928e-02,4.450000000000000000e+03,2.050000000000000000e+03,1.685565002280697809e+04,1.002934865562262523e+00,1.003197903361033649e+00
2.448275862068964928e-02,4.450000000000000000e+03,3.105000000000000000e+03,1.668507755419768000e+04,1.002414814650692820e+00,1.002587188480660307e+00
2.448275862068964928e-02,4.450000000000000000e+03,4.027000000000000000e+03,1.659538314886310764e+04,1.002198294847432836e+00,1.002320152501066541e+00
2.448275862068964928e-02,4.450000000000000000e+03,5.150000000000000000e+03,1.664173846365579811e+04,1.002045816272044254e+00,1.002115150669769861e+00
2.931034482758620649e-02,4.450000000000000000e+03,4.460000000000000000e+02,1.857369744510328746e+04,1.010896643974420028e+00,1.015431617443593337e+00
2.931034482758620649e-02,4.450000000000000000e+03,5.580000000000000000e+02,1.816157184913047604e+04,1.009095569207520526e+00,1.012030083083254706e+00
2.931034482758620649e-02,4.450000000000000000e+03,6.660000000000000000e+02,1.783171130673932930e+04,1.007865014241675850e+00,1.009917116708789031e+00
2.931034482758620649e-02,4.450000000000000000e+03,8.640000000000000000e+02,1.744105246687288673e+04,1.006362046009567246e+00,1.007595438059599280e+00
2.931034482758620649e-02,4.450000000000000000e+03,1.062000000000000000e+03,1.726798120536632268e+04,1.005414619772445395e+00,1.006300424996880993e+00
2.931034482758620649e-02,4.450000000000000000e+03,1.392000000000000000e+03,1.717406958097411552e+04,1.004454996748883833e+00,1.005070151861021444e+00
2.931034482758620649e-02,4.450000000000000000e+03,2.050000000000000000e+03,1.686627469835000375e+04,1.003515605949633294e+00,1.003830252289389158e+00
2.931034482758620649e-02,4.450000000000000000e+03,3.105000000000000000e+03,1.669357909361501879e+04,1.002892352510449836e+00,1.003098036241151680e+00
2.931034482758620649e-02,4.450000000000000000e+03,4.027000000000000000e+03,1.660298256758907519e+04,1.002632902712427221e+00,1.002779138621965549e+00
2.931034482758620649e-02,4.450000000000000000e+03,5.150000000000000000e+03,1.664868549068698849e+04,1.002450205077402900e+00,1.002533479623519019e+00
3.413793103448276023e-02,4.450000000000000000e+03,4.460000000000000000e+02,1.862066980125420741e+04,1.012714204042774124e+00,1.017999615319215012e+00
3.413793103448276023e-02,4.450000000000000000e+03,5.580000000000000000e+02,1.819742031776727526e+04,1.010609557070504483e+00,1.014027692596037200e+00
3.413793103448276023e-02,4.450000000000000000e+03,6.660000000000000000e+02,1.786074799171621999e+04,1.009172310292246966e+00,1.011561638912306327e+00
3.413793103448276023e-02,4.450000000000000000e+03,8.640000000000000000e+02,1.746282200291171466e+04,1.007417685154193610e+00,1.008853096405794902e+00
3.413793103448276023e-02,4.450000000000000000e+03,1.062000000000000000e+03,1.728586688678435166e+04,1.006312068727082121e+00,1.007342722217283715e+00
3.413793103448276023e-02,4.450000000000000000e+03,1.392000000000000000e+03,1.718839149463668946e+04,1.005192571041870986e+00,1.005908306607740776e+00
3.413793103448276023e-02,4.450000000000000000e+03,2.050000000000000000e+03,1.687690929991769735e+04,1.004097019271626534e+00,1.004463191985061066e+00
3.413793103448276023e-02,4.450000000000000000e+03,3.105000000000000000e+03,1.670208682186247097e+04,1.003370345573167732e+00,1.003609255881351858e+00
3.413793103448276023e-02,4.450000000000000000e+03,4.027000000000000000e+03,1.661058945284299261e+04,1.003067887680322512e+00,1.003238575702710911e+00
3.413793103448276023e-02,4.450000000000000000e+03,5.150000000000000000e+03,1.665563878032916182e+04,1.002854920407406869e+00,1.002952185692757681e+00
3.896551724137931744e-02,4.450000000000000000e+03,4.460000000000000000e+02,1.866769053297090431e+04,1.014538311714095364e+00,1.020570257906755041e+00
3.896551724137931744e-02,4.450000000000000000e+03,5.580000000000000000e+02,1.823328389651901307e+04,1.012128094757128949e+00,1.016026144100416362e+00
3.896551724137931744e-02,4.450000000000000000e+03,6.660000000000000000e+02,1.788978592722956091e+04,1.010483002120194707e+00,1.013206231941228053e+00
3.896551724137931744e-02,4.450000000000000000e+03,8.640000000000000000e+02,1.748458345000902773e+04,1.008475541282609189e+00,1.010110287441856158e+00
3.896551724137931744e-02,4.450000000000000000e+03,1.062000000000000000e+03,1.730374141619572765e+04,1.007211121267301390e+00,1.008384369548802617e+00
3.896551724137931744e-02,4.450000000000000000e+03,1.392000000000000000e+03,1.720270173511773100e+04,1.005931229336840316e+00,1.006745778210242248e+00
3.896551724137931744e-02,4.450000000000000000e+03,2.050000000000000000e+03,1.688753355454719713e+04,1.004679106698568303e+00,1.005095515861901712e+00
3.896551724137931744e-02,4.450000000000000000e+03,3.105000000000000000e+03,1.671058562092597640e+04,1.003848794490025842e+00,1.004119938977122040e+00
3.896551724137931744e-02,4.450000000000000000e+03,4.027000000000000000e+03,1.661819021045818226e+04,1.003503250242142153e+00,1.003697642689212133e+00
3.896551724137931744e-02,4.450000000000000000e+03,5.150000000000000000e+03,1.666258590637947782e+04,1.003259962657695459e+00,1.003370520609139227e+00
4.379310344827585383e-02,4.450000000000000000e+03,4.460000000000000000e+02,1.871488235502716270e+04,1.016369002432987667e+00,1.023150254072964227e+00
4.379310344827585383e-02,4.450000000000000000e+03,5.580000000000000000e+02,1.826925593060846222e+04,1.013651202807895668e+00,1.018030639138105542e+00
4.379310344827585383e-02,4.450000000000000000e+03,6.660000000000000000e+02,1.791890054024514029e+04,1.011797102973819085e+00,1.014855167678521797e+00
4.379310344827585383e-02,4.450000000000000000e+03,8.640000000000000000e+02,1.750639328943570581e+04,1.009535621386100646e+00,1.011370274174473005e+00
4.379310344827585383e-02,4.450000000000000000e+03,1.062000000000000000e+03,1.732165118340234403e+04,1.008111781694940090e+00,1.009428070380838038e+00
4.379310344827585383e-02,4.450000000000000000e+03,1.392000000000000000e+03,1.721703707528532323e+04,1.006670974025261289e+00,1.007584718710121230e+00
4.379310344827585383e-02,4.450000000000000000e+03,2.050000000000000000e+03,1.689817408074589912e+04,1.005261869403499153e+00,1.005728808173901090e+00
4.379310344827585383e-02,4.450000000000000000e+03,3.105000000000000000e+03,1.671909769990387213e+04,1.004327699913446059e+00,1.004631420047728430e+00
4.379310344827585383e-02,4.450000000000000000e+03,4.027000000000000000e+03,1.662580448386985518e+04,1.003938990889761795e+00,1.004157525996437483e+00
4.379310344827585383e-02,4.450000000000000000e+03,5.150000000000000000e+03,1.666954482221383296e+04,1.003665332224547235e+00,1.003789565470652345e+00
4.862068965517240410e-02,4.450000000000000000e+03,4.460000000000000000e+02,1.876219922832844532e+04,1.018206311900349270e+00,1.025737086841760348e+00
4.862068965517240410e-02,4.450000000000000000e+03,5.580000000000000000e+02,1.830530159118748270e+04,1.015178901887135110e+00,1.020039236916624681e+00
4.862068965517240410e-02,4.450000000000000000e+03,6.660000000000000000e+02,1.794806390599779115e+04,1.013114626170425359e+00,1.016506864576693703e+00
4.862068965517240410e-02,4.450000000000000000e+03,8.640000000000000000e+02,1.752823069133369063e+04,1.010597932485380879e+00,1.012631853231887868e+00
4.862068965517240410e-02,4.450000000000000000e+03,1.062000000000000000e+03,1.733957915199746276e+04,1.009014054327236121e+00,1.010472831908085567e+00
4.862068965517240410e-02,4.450000000000000000e+03,1.392000000000000000e+03,1.723138419137781966e+04,1.007411807505643742e+00,1.008424348367021439e+00
4.862068965517240410e-02,4.450000000000000000e+03,2.050000000000000000e+03,1.690882164824480788e+04,1.005845308562183016e+00,1.006362519563040347e+00
4.862068965517240410e-02,4.450000000000000000e+03,3.105000000000000000e+03,1.672761501334707646e+04,1.004807062497096393e+00,1.005143215651356448e+00
4.862068965517240410e-02,4.450000000000000000e+03,4.027000000000000000e+03,1.663342523322131092e+04,1.004375110115912184e+00,1.004617800434430608e+00
4.862068965517240410e-02,4.450000000000000000e+03,5.150000000000000000e+03,1.667650909178697475e+04,1.004071029504881807e+00,1.004208932718120950e+00
5.344827586206896824e-02,4.450000000000000000e+03,4.460000000000000000e+02,1.880969022571376991e+04,1.020050276075695317e+00,1.028333439045273856e+00
5.344827586206896824e-02,4.450000000000000000e+03,5.580000000000000000e+02,1.834145787486241170e+04,1.016711212783940610e+00,1.022053999023973425e+00
5.344827586206896824e-02,4.450000000000000000e+03,6.660000000000000000e+02,1.797730576814060623e+04,1.014435585096775005e+00,1.018163007197806502e+00
5.344827586206896824e-02,4.450000000000000000e+03,8.640000000000000000e+02,1.755011783082371767e+04,1.011662481630745569e+00,1.013896305703676282e+00
5.344827586206896824e-02,4.450000000000000000e+03,1.062000000000000000e+03,1.735754347928020070e+04,1.009917943496897452e+00,1.011519712256425452e+00
5.344827586206896824e-02,4.450000000000000000e+03,1.392000000000000000e+03,1.724575750746981794e+04,1.008153732183562523e+00,1.009265511314406671e+00
5.344827586206896824e-02,4.450000000000000000e+03,2.050000000000000000e+03,1.691948666410458827e+04,1.006429425353115858e+00,1.006997269426461061e+00
5.344827586206896824e-02,4.450000000000000000e+03,3.105000000000000000e+03,1.673614596973904554e+04,1.005286882895892742e+00,1.005655831044140358e+00
5.344827586206896824e-02,4.450000000000000000e+03,4.027000000000000000e+03,1.664106004595744525e+04,1.004811608414180490e+00,1.005078924266122664e+00
5.344827586206896824e-02,4.450000000000000000e+03,5.150000000000000000e+03,1.668348564663402067e+04,1.004477054896260935e+00,1.004629039747622299e+00
5.827586206896550464e-02,4.450000000000000000e+03,4.460000000000000000e+02,1.885732486350255567e+04,1.021900931179503091e+00,1.030937644128250508e+00
5.827586206896550464e-02,4.450000000000000000e+03,5.580000000000000000e+02,1.837770193792642749e+04,1.018248156413111172e+00,1.024073652524158051e+00
5.827586206896550464e-02,4.450000000000000000e+03,6.660000000000000000e+02,1.800660777878826411e+04,1.015759993209538026e+00,1.019822556390702406e+00
5.827586206896550464e-02,4.450000000000000000e+03,8.640000000000000000e+02,1.757204113112909181e+04,1.012729275902228165e+00,1.015162847239335475e+00
5.827586206896550464e-02,4.450000000000000000e+03,1.062000000000000000e+03,1.737553303237227010e+04,1.010823453552170736e+00,1.012568062651689305e+00
5.827586206896550464e-02,4.450000000000000000e+03,1.392000000000000000e+03,1.726014804983133581e+04,1.008896750471685033e+00,1.010107682386816697e+00
5.827586206896550464e-02,4.450000000000000000e+03,2.050000000000000000e+03,1.693016368013722240e+04,1.007014220957531236e+00,1.007632733504298272e+00
5.827586206896550464e-02,4.450000000000000000e+03,3.105000000000000000e+03,1.674468498198489033e+04,1.005767161766002893e+00,1.006168930503951398e+00
5.827586206896550464e-02,4.450000000000000000e+03,4.027000000000000000e+03,1.664870439941368386e+04,1.005248486279012088e+00,1.005540624333743693e+00
5.827586206896550464e-02,4.450000000000000000e+03,5.150000000000000000e+03,1.669047035162585235e+04,1.004883408796888977e+00,1.005049637554189079e+00
6.310344827586204797e-02,4.450000000000000000e+03,4.460000000000000000e+02,1.890502923998171900e+04,1.023758313695584121e+00,1.033545661853883635e+00
6.310344827586204797e-02,4.450000000000000000e+03,5.580000000000000000e+02,1.841397719756410152e+04,1.019789753816103595e+00,1.026095044413029012e+00
6.310344827586204797e-02,4.450000000000000000e+03,6.660000000000000000e+02,1.803592404860232637e+04,1.017087864035750355e+00,1.021482913165998818e+00
6.310344827586204797e-02,4.450000000000000000e+03,8.640000000000000000e+02,1.759396614431463240e+04,1.013798322409756869e+00,1.016429487730619252e+00
6.310344827586204797e-02,4.450000000000000000e+03,1.062000000000000000e+03,1.739351952953338696e+04,1.011730588856911695e+00,1.013616234961015827e+00
6.310344827586204797e-02,4.450000000000000000e+03,1.392000000000000000e+03,1.727453327223615997e+04,1.009640864789795867e+00,1.010949542121855282e+00
6.310344827586204797e-02,4.450000000000000000e+03,2.050000000000000000e+03,1.694083677976487888e+04,1.007599696559411395e+00,1.008267964489418578e+00
6.310344827586204797e-02,4.450000000000000000e+03,3.105000000000000000e+03,1.675321716317734899e+04,1.006247899764849185e+00,1.006681619493593027e+00
6.310344827586204797e-02,4.450000000000000000e+03,4.027000000000000000e+03,1.665634616125777393e+04,1.005685744205713217e+00,1.006002167874392228e+00
6.310344827586204797e-02,4.450000000000000000e+03,5.150000000000000000e+03,1.669745212052231727e+04,1.005290091605615554e+00,1.005470058557974333e+00
6.793103448275861211e-02,4.450000000000000000e+03,4.460000000000000000e+02,1.895286184985611908e+04,1.025622460373480704e+00,1.036160690151553876e+00
6.793103448275861211e-02,4.450000000000000000e+03,5.580000000000000000e+02,1.845032829651927022e+04,1.021336026161992594e+00,1.028120662349701675e+00
6.793103448275861211e-02,4.450000000000000000e+03,6.660000000000000000e+02,1.806529078125895830e+04,1.018419211173274608e+00,1.023146127955738782e+00
6.793103448275861211e-02,4.450000000000000000e+03,8.640000000000000000e+02,1.761592003722312074e+04,1.014869628293313397e+00,1.017697796646279906e+00
6.793103448275861211e-02,4.450000000000000000e+03,1.062000000000000000e+03,1.741152529858169873e+04,1.012639353790655283e+00,1.014665530349412537e+00
6.793103448275861211e-02,4.450000000000000000e+03,1.392000000000000000e+03,1.728893106282825102e+04,1.010386077564823903e+00,1.011792137379119438e+00
6.793103448275861211e-02,4.450000000000000000e+03,2.050000000000000000e+03,1.695151697737340510e+04,1.008185853345492378e+00,1.008903617925142271e+00
6.793103448275861211e-02,4.450000000000000000e+03,3.105000000000000000e+03,1.676174888412884684e+04,1.006729097551111396e+00,1.007194280827882871e+00
6.793103448275861211e-02,4.450000000000000000e+03,4.027000000000000000e+03,1.666399494142001276e+04,1.006123382690451429e+00,1.006464135304122154e+00
6.793103448275861211e-02,4.450000000000000000e+03,5.150000000000000000e+03,1.670443973294422176e+04,1.005697103721936214e+00,1.005890831441185629e+00
7.275862068965517626e-02,4.450000000000000000e+03,4.460000000000000000e+02,1.900085824145281003e+04,1.027493408230890415e+00,1.038784672462805148e+00
7.275862068965517626e-02,4.450000000000000000e+03,5.580000000000000000e+02,1.848678210212306658e+04,1.022886994748439360e+00,1.030152003481426437e+00
7.275862068965517626e-02,4.450000000000000000e+03,6.660000000000000000e+02,1.809472960117175535e+04,1.019754048291263926e+00,1.024813425480593176e+00
7.275862068965517626e-02,4.450000000000000000e+03,8.640000000000000000e+02,1.763791892046040448e+04,1.015943200723091078e+00,1.018968704719883656e+00
7.275862068965517626e-02,4.450000000000000000e+03,1.062000000000000000e+03,1.742956353106728420e+04,1.013549752748685417e+00,1.015716717561198301e+00
7.275862068965517626e-02,4.450000000000000000e+03,1.392000000000000000e+03,1.730335196153021025e+04,1.011132391230868510e+00,1.012636084981638041e+00
7.275862068965517626e-02,4.450000000000000000e+03,2.050000000000000000e+03,1.696221310835788245e+04,1.008772692505274016e+00,1.009540219667773631e+00
7.275862068965517626e-02,4.450000000000000000e+03,3.105000000000000000e+03,1.677028710769190729e+04,1.007210755784729850e+00,1.007707332896649266e+00
7.275862068965517626e-02,4.450000000000000000e+03,4.027000000000000000e+03,1.667165632825306966e+04,1.006561402230259139e+00,1.006926864145631706e+00
7.275862068965517626e-02,4.450000000000000000e+03,5.150000000000000000e+03,1.671143829191834448e+04,1.006104445545993542e+00,1.006312263492659120e+00
7.758620689655172653e-02,4.450000000000000000e+03,4.460000000000000000e+02,1.904895121317407029e+04,1.029371194556116587e+00,1.041413934848871570e+00
7.758620689655172653e-02,4.450000000000000000e+03,5.580000000000000000e+02,1.852328766136091144e+04,1.024442681002669664e+00,1.032186228517418813e+00
7.758620689655172653e-02,4.450000000000000000e+03,6.660000000000000000e+02,1.812419938909959455e+04,1.021092389130629829e+00,1.026482476910494546e+00
7.758620689655172653e-02,4.450000000000000000e+03,8.640000000000000000e+02,1.765993213978844869e+04,1.017019046899655166e+00,1.020240441010687782e+00
7.758620689655172653e-02,4.450000000000000000e+03,1.062000000000000000e+03,1.744760908138820378e+04,1.014461790142106246e+00,1.016768331223576016e+00
7.758620689655172653e-02,4.450000000000000000e+03,1.392000000000000000e+03,1.731777577521143030e+04,1.011879808229226629e+00,1.013480203176143402e+00
7.758620689655172653e-02,4.450000000000000000e+03,2.050000000000000000e+03,1.697291013876589568e+04,1.009360215231027258e+00,1.010176874941405289e+00
7.758620689655172653e-02,4.450000000000000000e+03,3.105000000000000000e+03,1.677882374079253714e+04,1.007692875126908749e+00,1.008220289396350999e+00
7.758620689655172653e-02,4.450000000000000000e+03,4.027000000000000000e+03,1.667931968685576430e+04,1.006999803323034071e+00,1.007389712077157107e+00
7.758620689655172653e-02,4.450000000000000000e+03,5.150000000000000000e+03,1.671843808129780518e+04,1.006512117478578494e+00,1.006733769635420161e+00
8.241379310344824904e-02,4.450000000000000000e+03,4.460000000000000000e+02,1.909712228723092630e+04,1.031255856910544777e+00,1.044047467121490991e+00
8.241379310344824904e-02,4.450000000000000000e+03,5.580000000000000000e+02,1.855983074682854203e+04,1.026003106482460847e+00,1.034222544653992326e+00
8.241379310344824904e-02,4.450000000000000000e+03,6.660000000000000000e+02,1.815368862789557170e+04,1.022434247504513838e+00,1.028152629960107589e+00
8.241379310344824904e-02,4.450000000000000000e+03,8.640000000000000000e+02,1.768195102597625009e+04,1.018097174054103382e+00,1.021512504684374933e+00
8.241379310344824904e-02,4.450000000000000000e+03,1.062000000000000000e+03,1.746565485916817852e+04,1.015375470397913871e+00,1.017819958141246151e+00
8.241379310344824904e-02,4.450000000000000000e+03,1.392000000000000000e+03,1.733219687222098582e+04,1.012628331008418092e+00,1.014324162384125927e+00
8.241379310344824904e-02,4.450000000000000000e+03,2.050000000000000000e+03,1.698360220097827550e+04,1.009948422717801719e+00,1.010813234522883963e+00
8.241379310344824904e-02,4.450000000000000000e+03,3.105000000000000000e+03,1.678735652392415795e+04,1.008175456240118395e+00,1.008733014555827090e+00
8.241379310344824904e-02,4.450000000000000000e+03,4.027000000000000000e+03,1.668698196484607979e+04,1.007438586467542141e+00,1.007852494742363936e+00
8.241379310344824904e-02,4.450000000000000000e+03,5.150000000000000000e+03,1.672543631267720048e+04,1.006920119921132173e+00,1.007155181960130097e+00
8.724137931034481319e-02,4.450000000000000000e+03,4.460000000000000000e+02,1.914555293839981096e+04,1.033147433131148096e+00,1.046695190580733126e+00
8.724137931034481319e-02,4.450000000000000000e+03,5.580000000000000000e+02,1.859654949475919420e+04,1.027568292877136802e+00,1.036268649353941473e+00
8.724137931034481319e-02,4.450000000000000000e+03,6.660000000000000000e+02,1.818330909602616885e+04,1.023779637298762424e+00,1.029830215316635433e+00
8.724137931034481319e-02,4.450000000000000000e+03,8.640000000000000000e+02,1.770405931845542364e+04,1.019177589448228893e+00,1.022789733491960673e+00
8.724137931034481319e-02,4.450000000000000000e+03,1.062000000000000000e+03,1.748376958370389912e+04,1.016290797959067183e+00,1.018875602966324623e+00
8.724137931034481319e-02,4.450000000000000000e+03,1.392000000000000000e+03,1.734667037107995202e+04,1.013377962024213375e+00,1.015171188281368986e+00
8.724137931034481319e-02,4.450000000000000000e+03,2.050000000000000000e+03,1.699433280493700659e+04,1.010537316163434784e+00,1.011451887993894072e+00
8.724137931034481319e-02,4.450000000000000000e+03,3.105000000000000000e+03,1.679591884593789655e+04,1.008658499788099183e+00,1.009247514672876767e+00
8.724137931034481319e-02,4.450000000000000000e+03,4.027000000000000000e+03,1.669467264464197069e+04,1.007877752163418794e+00,1.008316992806476353e+00
8.724137931034481319e-02,4.450000000000000000e+03,5.150000000000000000e+03,1.673245991060090455e+04,1.007328453275746938e+00,1.007578121781407043e+00
9.206896551724137734e-02,4.450000000000000000e+03,4.460000000000000000e+02,1.919405142494601387e+04,1.035045961333018960e+00,1.049346622627730374e+00
9.206896551724137734e-02,4.450000000000000000e+03,5.580000000000000000e+02,1.863329803034963334e+04,1.029138262008574278e+00,1.038316413932675486e+00
9.206896551724137734e-02,4.450000000000000000e+03,6.660000000000000000e+02,1.821294276089713458e+04,1.025128572472406185e+00,1.031508548083983845e+00
9.206896551724137734e-02,4.450000000000000000e+03,8.640000000000000000e+02,1.772616865115761539e+04,1.020260300374682627e+00,1.024067022394770987e+00
9.206896551724137734e-02,4.450000000000000000e+03,1.062000000000000000e+03,1.750188072830927194e+04,1.017207777284560910e+00,1.019931039169133635e+00
9.206896551724137734e-02,4.450000000000000000e+03,1.392000000000000000e+03,1.736113811978812373e+04,1.014128703739660464e+00,1.016017877665189806e+00
9.206896551724137734e-02,4.450000000000000000e+03,2.050000000000000000e+03,1.700505902253490785e+04,1.011126896768558936e+00,1.012090280401819475e+00
9.206896551724137734e-02,4.450000000000000000e+03,3.105000000000000000e+03,1.680447656301797906e+04,1.009142006435863603e+00,1.009761738084740790e+00
9.206896551724137734e-02,4.450000000000000000e+03,4.027000000000000000e+03,1.670236074541064954e+04,1.008317300911170999e+00,1.008781335103715593e+00
9.206896551724137734e-02,4.450000000000000000e+03,5.150000000000000000e+03,1.673948057867768875e+04,1.007737117945167293e+00,1.008000885176165040e+00
9.689655172413789985e-02,4.450000000000000000e+03,4.460000000000000000e+02,1.924264741635728205e+04,1.036951479911929042e+00,1.052003385305482874e+00
9.689655172413789985e-02,4.450000000000000000e+03,5.580000000000000000e+02,1.867009852089118795e+04,1.030713035832215629e+00,1.040367073633810202e+00
9.689655172413789985e-02,4.450000000000000000e+03,6.660000000000000000e+02,1.824260753614459463e+04,1.026481067058142793e+00,1.033188642819165448e+00
9.689655172413789985e-02,4.450000000000000000e+03,8.640000000000000000e+02,1.774829234408670163e+04,1.021345314157137141e+00,1.025345140909162289e+00
9.689655172413789985e-02,4.450000000000000000e+03,1.062000000000000000e+03,1.751999923913838575e+04,1.018126412849496454e+00,1.020986904642393389e+00
9.689655172413789985e-02,4.450000000000000000e+03,1.392000000000000000e+03,1.737560882112920808e+04,1.014880558625111284e+00,1.016864739844584475e+00
9.689655172413789985e-02,4.450000000000000000e+03,2.050000000000000000e+03,1.701578534427594786e+04,1.011717165736610857e+00,1.012728679008033206e+00
9.689655172413789985e-02,4.450000000000000000e+03,3.105000000000000000e+03,1.681303505436815249e+04,1.009625976849700457e+00,1.010276008021606886e+00
9.689655172413789985e-02,4.450000000000000000e+03,4.027000000000000000e+03,1.671005083563681546e+04,1.008757233212179472e+00,1.009245797559273017e+00
9.689655172413789985e-02,4.450000000000000000e+03,5.150000000000000000e+03,1.674650248884146276e+04,1.008146114332791887e+00,1.008423723365644342e+00
1.017241379310344501e-01,4.450000000000000000e+03,4.460000000000000000e+02,1.929141949276735977e+04,1.038864027546917423e+00,1.054669774621963541e+00
1.017241379310344501e-01,4.450000000000000000e+03,5.580000000000000000e+02,1.870701136558872167e+04,1.032292636438093103e+00,1.042423994124856312e+00
1.017241379310344501e-01,4.450000000000000000e+03,6.660000000000000000e+02,1.827235238607982683e+04,1.027837135162823934e+00,1.034873272665778776e+00
1.017241379310344501e-01,4.450000000000000000e+03,8.640000000000000000e+02,1.777046731052256291e+04,1.022432638150452711e+00,1.026626221569996167e+00
1.017241379310344501e-01,4.450000000000000000e+03,1.062000000000000000e+03,1.753815540703407169e+04,1.019046709145156271e+00,1.022044964600442585e+00
1.017241379310344501e-01,4.450000000000000000e+03,1.392000000000000000e+03,1.739010681512787050e+04,1.015633529158249226e+00,1.017713199259588697e+00
1.017241379310344501e-01,4.450000000000000000e+03,2.050000000000000000e+03,1.702653112948004855e+04,1.012308124273838095e+00,1.013368236021386926e+00
1.017241379310344501e-01,4.450000000000000000e+03,3.105000000000000000e+03,1.682160916968455786e+04,1.010110411697177080e+00,1.010791216784698410e+00
1.017241379310344501e-01,4.450000000000000000e+03,4.027000000000000000e+03,1.671775616964243818e+04,1.009197549568700003e+00,1.009711180701458266e+00
1.017241379310344501e-01,4.450000000000000000e+03,5.150000000000000000e+03,1.675353774191557022e+04,1.008555442842674399e+00,1.008847365024822862e+00
1.065517241379310281e-01,4.450000000000000000e+03,4.460000000000000000e+02,1.934030718853385770e+04,1.040783643202908726e+00,1.057342484895832824e+00
1.065517241379310281e-01,4.450000000000000000e+03,5.580000000000000000e+02,1.874399051708497427e+04,1.033877086051861571e+00,1.044484609476434178e+00
1.065517241379310281e-01,4.450000000000000000e+03,6.660000000000000000e+02,1.830214028648491512e+04,1.029196790967944031e+00,1.036560340719563600e+00
1.065517241379310281e-01,4.450000000000000000e+03,8.640000000000000000e+02,1.779266580888250246e+04,1.023522279740842311e+00,1.027908661704943993e+00
1.065517241379310281e-01,4.450000000000000000e+03,1.062000000000000000e+03,1.755632654899674890e+04,1.019968670679076039e+00,1.023103897179894251e+00
1.065517241379310281e-01,4.450000000000000000e+03,1.392000000000000000e+03,1.740461403600224003e+04,1.016387617824116019e+00,1.018562198654783701e+00
1.065517241379310281e-01,4.450000000000000000e+03,2.050000000000000000e+03,1.703728199671738912e+04,1.012899773589309049e+00,1.014008095502167528e+00
1.065517241379310281e-01,4.450000000000000000e+03,3.105000000000000000e+03,1.683018828135529475e+04,1.010595311647142669e+00,1.011306725772995740e+00
1.065517241379310281e-01,4.450000000000000000e+03,4.027000000000000000e+03,1.672546708175626190e+04,1.009638250483865685e+00,1.010176900747601358e+00
1.065517241379310281e-01,4.450000000000000000e+03,5.150000000000000000e+03,1.676057751061255112e+04,1.008965103879524872e+00,1.009271278601151733e+00
1.113793103448275507e-01,4.450000000000000000e+03,4.460000000000000000e+02,1.938932168320273195e+04,1.042710366133358546e+00,1.060022127317429064e+00
1.113793103448275507e-01,4.450000000000000000e+03,5.580000000000000000e+02,1.878104372716671423e+04,1.035466407035840586e+00,1.046549351646827164e+00
1.113793103448275507e-01,4.450000000000000000e+03,6.660000000000000000e+02,1.833197698278199459e+04,1.030560048730136957e+00,1.038250172378349712e+00
1.113793103448275507e-01,4.450000000000000000e+03,8.640000000000000000e+02,1.781489184336670951e+04,1.024614246346039925e+00,1.029192692642582507e+00
1.113793103448275507e-01,4.450000000000000000e+03,1.062000000000000000e+03,1.757451584166980319e+04,1.020892301975119043e+00,1.024163887501264192e+00
1.113793103448275507e-01,4.450000000000000000e+03,1.392000000000000000e+03,1.741913283002050230e+04,1.017142827115139481e+00,1.019411875339740092e+00
1.113793103448275507e-01,4.450000000000000000e+03,2.050000000000000000e+03,1.704803921467157488e+04,1.013492114894919638e+00,1.014648332958630883e+00
1.113793103448275507e-01,4.450000000000000000e+03,3.105000000000000000e+03,1.683877377904652167e+04,1.011080677369731395e+00,1.011822618489945702e+00
1.113793103448275507e-01,4.450000000000000000e+03,4.027000000000000000e+03,1.673318459947759038e+04,1.010079336461689570e+00,1.010643019756122252e+00
1.113793103448275507e-01,4.450000000000000000e+03,5.150000000000000000e+03,1.676762273159504548e+04,1.009375097848711489e+00,1.009695520497621457e+00
1.162068965517241148e-01,4.450000000000000000e+03,4.460000000000000000e+02,1.943841304635540655e+04,1.044644235882929095e+00,1.062705972170397528e+00
1.162068965517241148e-01,4.450000000000000000e+03,5.580000000000000000e+02,1.881813383595276537e+04,1.037060621890066869e+00,1.048616149949756604e+00
1.162068965517241148e-01,4.450000000000000000e+03,6.660000000000000000e+02,1.836183296421778505e+04,1.031926922781672751e+00,1.039941096270592835e+00
1.162068965517241148e-01,4.450000000000000000e+03,8.640000000000000000e+02,1.783712374456658654e+04,1.025708545415468187e+00,1.030477062509076225e+00
1.162068965517241148e-01,4.450000000000000000e+03,1.062000000000000000e+03,1.759270561042447662e+04,1.021817607573549003e+00,1.025223905566533755e+00
1.162068965517241148e-01,4.450000000000000000e+03,1.392000000000000000e+03,1.743364920169210382e+04,1.017899159531160613e+00,1.020261410262820467e+00
1.162068965517241148e-01,4.450000000000000000e+03,2.050000000000000000e+03,1.705879462585369038e+04,1.014085149405403063e+00,1.015288462881421383e+00
1.162068965517241148e-01,4.450000000000000000e+03,3.105000000000000000e+03,1.684735767201739509e+04,1.011566509536365510e+00,1.012338414781088547e+00
1.162068965517241148e-01,4.450000000000000000e+03,4.027000000000000000e+03,1.674089467897943541e+04,1.010520808007064675e+00,1.011108689514558234e+00
1.162068965517241148e-01,4.450000000000000000e+03,5.150000000000000000e+03,1.677466687654915950e+04,1.009785425156261462e+00,1.010119697598916844e+00
1.210344827586206790e-01,4.450000000000000000e+03,4.460000000000000000e+02,1.948767743477752811e+04,1.046585292290194813e+00,1.065399276385441185e+00
1.210344827586206790e-01,4.450000000000000000e+03,5.580000000000000000e+02,1.885533368950687145e+04,1.038659753253356577e+00,1.050689063637833209e+00
1.210344827586206790e-01,4.450000000000000000e+03,6.660000000000000000e+02,1.839176693865040943e+04,1.033297427530960544e+00,1.041636437375582869e+00
1.210344827586206790e-01,4.450000000000000000e+03,8.640000000000000000e+02,1.785940533430840878e+04,1.026805184430408024e+00,1.031764302956246437e+00
1.210344827586206790e-01,4.450000000000000000e+03,1.062000000000000000e+03,1.761093178602379703e+04,1.022744592031105793e+00,1.026286045259271251e+00
1.210344827586206790e-01,4.450000000000000000e+03,1.392000000000000000e+03,1.744819194064306430e+04,1.018656617579461354e+00,1.021112488266027629e+00
1.210344827586206790e-01,4.450000000000000000e+03,2.050000000000000000e+03,1.706956906813994647e+04,1.014678878338336698e+00,1.015929725478641465e+00
1.210344827586206790e-01,4.450000000000000000e+03,3.105000000000000000e+03,1.685595706363196587e+04,1.012052808819757788e+00,1.012855142367969252e+00
1.210344827586206790e-01,4.450000000000000000e+03,4.027000000000000000e+03,1.674860350359486256e+04,1.010962665625767976e+00,1.011574283480954239e+00
1.210344827586206790e-01,4.450000000000000000e+03,5.150000000000000000e+03,1.678172394977717340e+04,1.010196086208862143e+00,1.010544653201759902e+00
1.258620689655172431e-01,4.450000000000000000e+03,4.460000000000000000e+02,1.953708600325820953e+04,1.048533575490377734e+00,1.068100462983112342e+00
1.258620689655172431e-01,4.450000000000000000e+03,5.580000000000000000e+02,1.889262147989578807e+04,1.040263823904375107e+00,1.052766877492204767e+00
1.258620689655172431e-01,4.450000000000000000e+03,6.660000000000000000e+02,1.842176127650296985e+04,1.034671577463054382e+00,1.043335197224291022e+00
1.258620689655172431e-01,4.450000000000000000e+03,8.640000000000000000e+02,1.788172349004646458e+04,1.027904170904169190e+00,1.033053655875187493e+00
1.258620689655172431e-01,4.450000000000000000e+03,1.062000000000000000e+03,1.762918361915433343e+04,1.023673259921079604e+00,1.027349680157745748e+00
1.258620689655172431e-01,4.450000000000000000e+03,1.392000000000000000e+03,1.746275232322635929e+04,1.019415203774792555e+00,1.021964598819391057e+00
1.258620689655172431e-01,4.450000000000000000e+03,2.050000000000000000e+03,1.708035482665670861e+04,1.015273302914151410e+00,1.016571661584073860e+00
1.258620689655172431e-01,4.450000000000000000e+03,3.105000000000000000e+03,1.686456688686577399e+04,1.012539575893916410e+00,1.013372496778894627e+00
1.258620689655172431e-01,4.450000000000000000e+03,4.027000000000000000e+03,1.675631349843564749e+04,1.011404909824461296e+00,1.012039948126071343e+00
1.258620689655172431e-01,4.450000000000000000e+03,5.150000000000000000e+03,1.678878976857578527e+04,1.010607081413863240e+00,1.010970135436409789e+00
1.306896551724137656e-01,4.450000000000000000e+03,4.460000000000000000e+02,1.958652988515840843e+04,1.050489125918114608e+00,1.070803580179836345e+00
1.306896551724137656e-01,4.450000000000000000e+03,5.580000000000000000e+02,1.892991446001046643e+04,1.041872856762720678e+00,1.054844980537326560e+00
1.306896551724137656e-01,4.450000000000000000e+03,6.660000000000000000e+02,1.845174934521398609e+04,1.036049387140163702e+00,1.045033602013788032e+00
1.306896551724137656e-01,4.450000000000000000e+03,8.640000000000000000e+02,1.790402842247118679e+04,1.029005512382262122e+00,1.034342244863728499e+00
1.306896551724137656e-01,4.450000000000000000e+03,1.062000000000000000e+03,1.764742029216248557e+04,1.024603615833385772e+00,1.028412431592344856e+00
1.306896551724137656e-01,4.450000000000000000e+03,1.392000000000000000e+03,1.747729780481510534e+04,1.020174920639401073e+00,1.022815837328724387e+00
1.306896551724137656e-01,4.450000000000000000e+03,2.050000000000000000e+03,1.709112850083849116e+04,1.015868424356139332e+00,1.017212878466011716e+00
1.306896551724137656e-01,4.450000000000000000e+03,3.105000000000000000e+03,1.687316765685620339e+04,1.013026811434145635e+00,1.013889307190801059e+00
1.306896551724137656e-01,4.450000000000000000e+03,4.027000000000000000e+03,1.676400950950607148e+04,1.011847541110693083e+00,1.012504768185997772e+00
1.306896551724137656e-01,4.450000000000000000e+03,5.150000000000000000e+03,1.679584843761283628e+04,1.011018411179277043e+00,1.011395187134045859e+00
1.355172413793103714e-01,4.450000000000000000e+03,4.460000000000000000e+02,1.963614613901609846e+04,1.052451984310253330e+00,1.073516121021804715e+00
1.355172413793103714e-01,4.450000000000000000e+03,5.580000000000000000e+02,1.896731618619873552e+04,1.043486874890015237e+00,1.056929143316639452e+00
1.355172413793103714e-01,4.450000000000000000e+03,6.660000000000000000e+02,1.848181431637574497e+04,1.037430871202168259e+00,1.046736362251844632e+00
1.355172413793103714e-01,4.450000000000000000e+03,8.640000000000000000e+02,1.792638211014207991e+04,1.030109216442569364e+00,1.035633650515066506e+00
1.355172413793103714e-01,4.450000000000000000e+03,1.062000000000000000e+03,1.766569251424054892e+04,1.025535664374641609e+00,1.029477254667150898e+00
1.355172413793103714e-01,4.450000000000000000e+03,1.392000000000000000e+03,1.749186885725328830e+04,1.020935770703058187e+00,1.023668572309083480e+00
1.355172413793103714e-01,4.450000000000000000e+03,2.050000000000000000e+03,1.710191913511571693e+04,1.016464243890462527e+00,1.017855104762132035e+00
1.355172413793103714e-01,4.450000000000000000e+03,3.105000000000000000e+03,1.688177666251111805e+04,1.013514516117051123e+00,1.014406612474347824e+00
1.355172413793103714e-01,4.450000000000000000e+03,4.027000000000000000e+03,1.677171403053257018e+04,1.012290559992900851e+00,1.012970102226252056e+00
1.355172413793103714e-01,4.450000000000000000e+03,5.150000000000000000e+03,1.680291960134660985e+04,1.011430075913781312e+00,1.011820991224523292e+00
1.403448275862068939e-01,4.450000000000000000e+03,4.460000000000000000e+02,1.968594120832856061e+04,1.054422191708681789e+00,1.076238437777642831e+00
1.403448275862068939e-01,4.450000000000000000e+03,5.580000000000000000e+02,1.900483254913265409e+04,1.045105901491006239e+00,1.059019694080218343e+00
1.403448275862068939e-01,4.450000000000000000e+03,6.660000000000000000e+02,1.851196160514323492e+04,1.038816044367135927e+00,1.048443784631273967e+00
1.403448275862068939e-01,4.450000000000000000e+03,8.640000000000000000e+02,1.794878894824569579e+04,1.031215290695521425e+00,1.036928126745639389e+00
1.403448275862068939e-01,4.450000000000000000e+03,1.062000000000000000e+03,1.768400404849856932e+04,1.026469410168240781e+00,1.030544368679324307e+00
1.403448275862068939e-01,4.450000000000000000e+03,1.392000000000000000e+03,1.750646859797100478e+04,1.021697756503087806e+00,1.024522986200392172e+00
1.403448275862068939e-01,4.450000000000000000e+03,2.050000000000000000e+03,1.711273018102732385e+04,1.017060762746161862e+00,1.018498545897715157e+00
1.403448275862068939e-01,4.450000000000000000e+03,3.105000000000000000e+03,1.689039806774850149e+04,1.014002690620541713e+00,1.014924662834594704e+00
1.403448275862068939e-01,4.450000000000000000e+03,4.027000000000000000e+03,1.677942959221567799e+04,1.012733966980412958e+00,1.013436103094895735e+00
1.403448275862068939e-01,4.450000000000000000e+03,5.150000000000000000e+03,1.681000515863184773e+04,1.011842076026718606e+00,1.012247662051130925e+00
1.451724137931034442e-01,4.450000000000000000e+03,4.460000000000000000e+02,1.973581519905420646e+04,1.056399789463189132e+00,1.078965069199339544e+00
1.451724137931034442e-01,4.450000000000000000e+03,5.580000000000000000e+02,1.904238671282198993e+04,1.046729959914677766e+00,1.061112351241964014e+00
1.451724137931034442e-01,4.450000000000000000e+03,6.660000000000000000e+02,1.854212868635485211e+04,1.040204921431846063e+00,1.050152327975918620e+00
1.451724137931034442e-01,4.450000000000000000e+03,8.640000000000000000e+02,1.797120195513557337e+04,1.032323742784269971e+00,1.038222959356133179e+00
1.451724137931034442e-01,4.450000000000000000e+03,1.062000000000000000e+03,1.770231626942808725e+04,1.027404857854431253e+00,1.031611522707629680e+00
1.451724137931034442e-01,4.450000000000000000e+03,1.392000000000000000e+03,1.752106603720215935e+04,1.022460880584394660e+00,1.025377265402864557e+00
1.451724137931034442e-01,4.450000000000000000e+03,2.050000000000000000e+03,1.712353946601385906e+04,1.017657982155164342e+00,1.019141882228301599e+00
1.451724137931034442e-01,4.450000000000000000e+03,3.105000000000000000e+03,1.689901495902612805e+04,1.014491335623832535e+00,1.015442441956173170e+00
1.451724137931034442e-01,4.450000000000000000e+03,4.027000000000000000e+03,1.678714014156246049e+04,1.013177762583450825e+00,1.013901801230805422e+00
1.451724137931034442e-01,4.450000000000000000e+03,5.150000000000000000e+03,1.681708965734751837e+04,1.012254411928099618e+00,1.012674269133881255e+00
1.500000000000000222e-01,4.450000000000000000e+03,4.460000000000000000e+02,1.978570528624001963e+04,1.058384819234357677e+00,1.081692580621081312e+00
1.500000000000000222e-01,4.450000000000000000e+03,5.580000000000000000e+02,1.907993254301232446e+04,1.048359073655374951e+00,1.063204544030264653e+00
1.500000000000000222e-01,4.450000000000000000e+03,6.660000000000000000e+02,1.857227902050084958e+04,1.041597517272315310e+00,1.051859922833459082e+00
1.500000000000000222e-01,4.450000000000000000e+03,8.640000000000000000e+02,1.799359436377034945e+04,1.033434580384864132e+00,1.039516601974915577e+00
1.500000000000000222e-01,4.450000000000000000e+03,1.062000000000000000e+03,1.772060750126947096e+04,1.028342012090391000e+00,1.032677453586103411e+00
1.500000000000000222e-01,4.450000000000000000e+03,1.392000000000000000e+03,1.753564409841634915e+04,1.023225145499492728e+00,1.026230410554588968e+00
1.500000000000000222e-01,4.450000000000000000e+03,2.050000000000000000e+03,1.713433323447210932e+04,1.018255903352292657e+00,1.019784295061507695e+00
1.500000000000000222e-01,4.450000000000000000e+03,3.105000000000000000e+03,1.690761792021822112e+04,1.014980451807449668e+00,1.015959384034876178e+00
1.500000000000000222e-01,4.450000000000000000e+03,4.027000000000000000e+03,1.679483697801986636e+04,1.013621947313130045e+00,1.014366671142066911e+00
1.500000000000000222e-01,4.450000000000000000e+03,5.150000000000000000e+03,1.682416510549089435e+04,1.012667084028603171e+00,1.013100331218545147e+00
1.000000000000000194e-02,5.050000000000000000e+03,4.460000000000000000e+02,1.816329116194548260e+04,9.950435347275031761e-01,9.929945384964604660e-01
1.000000000000000194e-02,5.050000000000000000e+03,5.580000000000000000e+02,1.785515557146466381e+04,9.961839000330291460e-01,9.949554326333795995e-01
1.000000000000000194e-02,5.050000000000000000e+03,6.660000000000000000e+02,1.758674889459044425e+04,9.968625672083231137e-01,9.960434212050975900e-01
1.000000000000000194e-02,5.050000000000000000e+03,8.640000000000000000e+02,1.725995750672804206e+04,9.976003379313246322e-01,9.971333139392739575e-01
1.000000000000000194e-02,5.050000000000000000e+03,1.062000000000000000e+03,1.712032480139979816e+04,9.980211922012721670e-01,9.976956726348127358e-01
1.000000000000000194e-02,5.050000000000000000e+03,1.392000000000000000e+03,1.705663199797346897e+04,9.984173137047293034e-01,9.981974063638555661e-01
1.000000000000000194e-02,5.050000000000000000e+03,2.050000000000000000e+03,1.677955961791788286e+04,9.987793187069631262e-01,9.986692299163818509e-01
1.000000000000000194e-02,5.050000000000000000e+03,3.105000000000000000e+03,1.662429096436912732e+04,9.990072319171104942e-01,9.989345919616705594e-01
1.000000000000000194e-02,5.050000000000000000e+03,4.027000000000000000e+03,1.654123349897651497e+04,9.990995587267746947e-01,9.990496473945948974e-01
1.000000000000000194e-02,5.050000000000000000e+03,5.150000000000000000e+03,1.659225404595332657e+04,9.991637513775117885e-01,9.991353487211923623e-01
1.482758620689655048e-02,5.050000000000000000e+03,4.460000000000000000e+02,1.810223341645788969e+04,9.926683015037389701e-01,9.896564866389251369e-01
1.482758620689655048e-02,5.050000000000000000e+03,5.580000000000000000e+02,1.781186132151224592e+04,9.943520498418627618e-01,9.925429165945506282e-01
1.482758620689655048e-02,5.050000000000000000e+03,6.660000000000000000e+02,1.755326958350722634e+04,9.953549799342656934e-01,9.941472863509077662e-01
1.482758620689655048e-02,5.050000000000000000e+03,8.640000000000000000e+02,1.723612657075490642e+04,9.964459975419113213e-01,9.957565654651305831e-01
1.482758620689655048e-02,5.050000000000000000e+03,1.062000000000000000e+03,1.710131375960699370e+04,9.970687059034952782e-01,9.965877944637508978e-01
1.482758620689655048e-02,5.050000000000000000e+03,1.392000000000000000e+03,1.704180752240358561e+04,9.976550499237324399e-01,9.973298404184615107e-01
1.482758620689655048e-02,5.050000000000000000e+03,2.050000000000000000e+03,1.676878671530279826e+04,9.981910902700401600e-01,9.980280589557875004e-01
1.482758620689655048e-02,5.050000000000000000e+03,3.105000000000000000e+03,1.661575799177517183e+04,9.985286697273114687e-01,9.984218554176198523e-01
1.482758620689655048e-02,5.050000000000000000e+03,4.027000000000000000e+03,1.653364214630359493e+04,9.986654430659771542e-01,9.985911484433771523e-01
1.482758620689655048e-02,5.050000000000000000e+03,5.150000000000000000e+03,1.658532567940762601e+04,9.987605455214623174e-01,9.987181434454333040e-01
1.965517241379310248e-02,5.050000000000000000e+03,4.460000000000000000e+02,1.804185924080126279e+04,9.903043809463261127e-01,9.863558058229471293e-01
1.965517241379310248e-02,5.050000000000000000e+03,5.580000000000000000e+02,1.776895090005914244e+04,9.925269243444141409e-01,9.901517889020210461e-01
1.965517241379310248e-02,5.050000000000000000e+03,6.660000000000000000e+02,1.752004255851902053e+04,9.938519457197696472e-01,9.922654399764536670e-01
1.965517241379310248e-02,5.050000000000000000e+03,8.640000000000000000e+02,1.721244261194987484e+04,9.952943254788918503e-01,9.943883080797194518e-01
1.965517241379310248e-02,5.050000000000000000e+03,1.062000000000000000e+03,1.708240649317749194e+04,9.961180359301461396e-01,9.954859638549924394e-01
1.965517241379310248e-02,5.050000000000000000e+03,1.392000000000000000e+03,1.702705388189207224e+04,9.968939491890687066e-01,9.964664199205127693e-01
1.965517241379310248e-02,5.050000000000000000e+03,2.050000000000000000e+03,1.675805758819171024e+04,9.976035542964556413e-01,9.973894933823344022e-01
1.965517241379310248e-02,5.050000000000000000e+03,3.105000000000000000e+03,1.660725953809572093e+04,9.980505658167010408e-01,9.979111930755817372e-01
1.965517241379310248e-02,5.050000000000000000e+03,4.027000000000000000e+03,1.652607530324190520e+04,9.982317044938395778e-01,9.981341298121403360e-01
1.965517241379310248e-02,5.050000000000000000e+03,5.150000000000000000e+03,1.657841911118340795e+04,9.983576649562025951e-01,9.983022507986560878e-01
2.448275862068964928e-02,5.050000000000000000e+03,4.460000000000000000e+02,1.798193454183227732e+04,9.879516924279929668e-01,9.830796980808701457e-01
2.448275862068964928e-02,5.050000000000000000e+03,5.580000000000000000e+02,1.772626007624689009e+04,9.907084865791557782e-01,9.877728980037822071e-01
2.448275862068964928e-02,5.050000000000000000e+03,6.660000000000000000e+02,1.748694132016603908e+04,9.923534439699135401e-01,9.903907176560950987e-01
2.448275862068964928e-02,5.050000000000000000e+03,8.640000000000000000e+02,1.718881582115805577e+04,9.941453125009548364e-01,9.930233533751199326e-01
2.448275862068964928e-02,5.050000000000000000e+03,1.062000000000000000e+03,1.706353154880713191e+04,9.951691770907690193e-01,9.943860168307402381e-01
2.448275862068964928e-02,5.050000000000000000e+03,1.392000000000000000e+03,1.701231580310025311e+04,9.961340088409389448e-01,9.956039101339073660e-01
2.448275862068964928e-02,5.050000000000000000e+03,2.050000000000000000e+03,1.674733051292820528e+04,9.970167095641758737e-01,9.967510499287159931e-01
2.448275862068964928e-02,5.050000000000000000e+03,3.105000000000000000e+03,1.659876167809592880e+04,9.975729195273109751e-01,9.974005664070739741e-01
2.448275862068964928e-02,5.050000000000000000e+03,4.027000000000000000e+03,1.651850436498225463e+04,9.977983425192462619e-01,9.976768638410615786e-01
2.448275862068964928e-02,5.050000000000000000e+03,5.150000000000000000e+03,1.657150823475428479e+04,9.979551092882432695e-01,9.978860987248114878e-01
2.931034482758620649e-02,5.050000000000000000e+03,4.460000000000000000e+02,1.792251746165673831e+04,9.856101560858431254e-01,9.798313420653408379e-01
2.931034482758620649e-02,5.050000000000000000e+03,5.580000000000000000e+02,1.768383222614189435e+04,9.888966998549385545e-01,9.854086609749890258e-01
2.931034482758620649e-02,5.050000000000000000e+03,6.660000000000000000e+02,1.745400018889986677e+04,9.908594542137978411e-01,9.885250631635347229e-01
2.931034482758620649e-02,5.050000000000000000e+03,8.640000000000000000e+02,1.716527104573806355e+04,9.929989494094138003e-01,9.916631368200478081e-01
2.931034482758620649e-02,5.050000000000000000e+03,1.062000000000000000e+03,1.704470883888009485e+04,9.942221242146663807e-01,9.932891137953533400e-01
2.931034482758620649e-02,5.050000000000000000e+03,1.392000000000000000e+03,1.699760829579410711e+04,9.953752262276484020e-01,9.947431894682555731e-01
2.931034482758620649e-02,5.050000000000000000e+03,2.050000000000000000e+03,1.673661921884217372e+04,9.964305548540401958e-01,9.961135457236066637e-01
2.931034482758620649e-02,5.050000000000000000e+03,3.105000000000000000e+03,1.659027276090563464e+04,9.970957302024311408e-01,9.968904771017401689e-01
2.931034482758620649e-02,5.050000000000000000e+03,4.027000000000000000e+03,1.651093735820441361e+04,9.973653566519329328e-01,9.972198353217734956e-01
2.931034482758620649e-02,5.050000000000000000e+03,5.150000000000000000e+03,1.656460037684581766e+04,9.975528781247292587e-01,9.974701284171499927e-01
3.413793103448276023e-02,5.050000000000000000e+03,4.460000000000000000e+02,1.786362196106261399e+04,9.832796928123207492e-01,9.766115010183333833e-01
3.413793103448276023e-02,5.050000000000000000e+03,5.580000000000000000e+02,1.764167934851235259e+04,9.870915277485227124e-01,9.830597464314680956e-01
3.413793103448276023e-02,5.050000000000000000e+03,6.660000000000000000e+02,1.742122908572985034e+04,9.893699561036140011e-01,9.866690383852331214e-01
3.413793103448276023e-02,5.050000000000000000e+03,8.640000000000000000e+02,1.714181572285755465e+04,9.918552270479621402e-01,9.903080880706960354e-01
3.413793103448276023e-02,5.050000000000000000e+03,1.062000000000000000e+03,1.702594440068661061e+04,9.932768721508047349e-01,9.921956065750037190e-01
3.413793103448276023e-02,5.050000000000000000e+03,1.392000000000000000e+03,1.698293661198113477e+04,9.946175987055759782e-01,9.938845652843698586e-01
3.413793103448276023e-02,5.050000000000000000e+03,2.050000000000000000e+03,1.672592510910031342e+04,9.958450889497540981e-01,9.954770642792939439e-01
3.413793103448276023e-02,5.050000000000000000e+03,3.105000000000000000e+03,1.658179498987544139e+04,9.966189971866079578e-01,9.963810575563928351e-01
3.413793103448276023e-02,5.050000000000000000e+03,4.027000000000000000e+03,1.650337678103985672e+04,9.969327464024867469e-01,9.967631951352470265e-01
3.413793103448276023e-02,5.050000000000000000e+03,5.150000000000000000e+03,1.655769781923732808e+04,9.971509710734391962e-01,9.970544772775202791e-01
3.896551724137931744e-02,5.050000000000000000e+03,4.460000000000000000e+02,1.780534614839113419e+04,9.809602242462996946e-01,9.734255385628912682e-01
3.896551724137931744e-02,5.050000000000000000e+03,5.580000000000000000e+02,1.759987398966700130e+04,9.852929341021381404e-01,9.807301969223702898e-01
3.896551724137931744e-02,5.050000000000000000e+03,6.660000000000000000e+02,1.738868519940572878e+04,9.878849294137207471e-01,9.848258822642311783e-01
3.896551724137931744e-02,5.050000000000000000e+03,8.640000000000000000e+02,1.711849122881159565e+04,9.907141363024287717e-01,9.889605974969249980e-01
3.896551724137931744e-02,5.050000000000000000e+03,1.062000000000000000e+03,1.700727152090231175e+04,9.923334157677209388e-01,9.911074349677160278e-01
3.896551724137931744e-02,5.050000000000000000e+03,1.392000000000000000e+03,1.696832649828572539e+04,9.938611236391421411e-01,9.930295443400725119e-01
3.896551724137931744e-02,5.050000000000000000e+03,2.050000000000000000e+03,1.671526846531501360e+04,9.952603106378797859e-01,9.948428126967199248e-01
3.896551724137931744e-02,5.050000000000000000e+03,3.105000000000000000e+03,1.657334336866877857e+04,9.961427198256405102e-01,9.958732093239727190e-01
3.896551724137931744e-02,5.050000000000000000e+03,4.027000000000000000e+03,1.649583611065419245e+04,9.965005112823437372e-01,9.963077572689971184e-01
3.896551724137931744e-02,5.050000000000000000e+03,5.150000000000000000e+03,1.655081286890158663e+04,9.967493877427829885e-01,9.966398863945951092e-01
4.379310344827585383e-02,5.050000000000000000e+03,4.460000000000000000e+02,1.774753091004510497e+04,9.786516727643010949e-01,9.702647558937370631e-01
4.379310344827585383e-02,5.050000000000000000e+03,5.580000000000000000e+02,1.755830447582495981e+04,9.835008830210695274e-01,9.784137895708058252e-01
4.379310344827585383e-02,5.050000000000000000e+03,6.660000000000000000e+02,1.735628252157372845e+04,9.864043540397273713e-01,9.829907236298847106e-01
4.379310344827585383e-02,5.050000000000000000e+03,8.640000000000000000e+02,1.709523640981725111e+04,9.895756681005366540e-01,9.876171321541018511e-01
4.379310344827585383e-02,5.050000000000000000e+03,1.062000000000000000e+03,1.698864138862621257e+04,9.913917499534301569e-01,9.900217544933036518e-01
4.379310344827585383e-02,5.050000000000000000e+03,1.392000000000000000e+03,1.695374022911810971e+04,9.931057984007803929e-01,9.921759188380760985e-01
4.379310344827585383e-02,5.050000000000000000e+03,2.050000000000000000e+03,1.670462250752624459e+04,9.946762187078276307e-01,9.942091971127162697e-01
4.379310344827585383e-02,5.050000000000000000e+03,3.105000000000000000e+03,1.656489577193864898e+04,9.956668974665776606e-01,9.953656029177352371e-01
4.379310344827585383e-02,5.050000000000000000e+03,4.027000000000000000e+03,1.648829584109800999e+04,9.960686508037862597e-01,9.958523436118577044e-01
4.379310344827585383e-02,5.050000000000000000e+03,5.150000000000000000e+03,1.654392771834933956e+04,9.963481277418017035e-01,9.962252834552377534e-01
4.862068965517240410e-02,5.050000000000000000e+03,4.460000000000000000e+02,1.769022736942005213e+04,9.763539614718349524e-01,9.671319479477628045e-01
4.862068965517240410e-02,5.050000000000000000e+03,5.580000000000000000e+02,1.751700910779829792e+04,9.817153388712690498e-01,9.761126586399510030e-01
4.862068965517240410e-02,5.050000000000000000e+03,6.660000000000000000e+02,1.732405122502223094e+04,9.849282099975872340e-01,9.811652713487695188e-01
4.862068965517240410e-02,5.050000000000000000e+03,8.640000000000000000e+02,1.707207316215164610e+04,9.884398134116620938e-01,9.862789570225931612e-01
4.862068965517240410e-02,5.050000000000000000e+03,1.062000000000000000e+03,1.697007157375529641e+04,9.904518696153326029e-01,9.889395890464875993e-01
4.862068965517240410e-02,5.050000000000000000e+03,1.392000000000000000e+03,1.693919130137289176e+04,9.923516203709056294e-01,9.913244786509174400e-01
4.862068965517240410e-02,5.050000000000000000e+03,2.050000000000000000e+03,1.669399645697133747e+04,9.940928119518487316e-01,9.935767663477639289e-01
4.862068965517240410e-02,5.050000000000000000e+03,3.105000000000000000e+03,1.655646018771483796e+04,9.951915294577157178e-01,9.948587183292357805e-01
4.862068965517240410e-02,5.050000000000000000e+03,4.027000000000000000e+03,1.648076296026601631e+04,9.956371644799424381e-01,9.953973762154096905e-01
4.862068965517240410e-02,5.050000000000000000e+03,5.150000000000000000e+03,1.653704874914940956e+04,9.959471906801649066e-01,9.958110527382189048e-01
5.344827586206896824e-02,5.050000000000000000e+03,4.460000000000000000e+02,1.763337094176964456e+04,9.740670141948608585e-01,9.640235838505356591e-01
5.344827586206896824e-02,5.050000000000000000e+03,5.580000000000000000e+02,1.747594359948867350e+04,9.799362662769939281e-01,9.738243363442993239e-01
5.344827586206896824e-02,5.050000000000000000e+03,6.660000000000000000e+02,1.729195755666490368e+04,9.834564774226994821e-01,9.793476137804917325e-01
5.344827586206896824e-02,5.050000000000000000e+03,8.640000000000000000e+02,1.704897766238266922e+04,9.873065632465961583e-01,9.849446957874338215e-01
5.344827586206896824e-02,5.050000000000000000e+03,1.062000000000000000e+03,1.695154312475355255e+04,9.895137696801226124e-01,9.878598342168267710e-01
5.344827586206896824e-02,5.050000000000000000e+03,1.392000000000000000e+03,1.692466503351430947e+04,9.915985869378840523e-01,9.904743645778514294e-01
5.344827586206896824e-02,5.050000000000000000e+03,2.050000000000000000e+03,1.668337991817381408e+04,9.935100891650254784e-01,9.929449016941780393e-01
5.344827586206896824e-02,5.050000000000000000e+03,3.105000000000000000e+03,1.654802829279833531e+04,9.947166151485946628e-01,9.943520554269842382e-01
5.344827586206896824e-02,5.050000000000000000e+03,4.027000000000000000e+03,1.647322998610067953e+04,9.952060518247829446e-01,9.949424031818582259e-01
5.344827586206896824e-02,5.050000000000000000e+03,5.150000000000000000e+03,1.653016912949067773e+04,9.955465761681711045e-01,9.953967828525385197e-01
5.827586206896550464e-02,5.050000000000000000e+03,4.460000000000000000e+02,1.757699342000784600e+04,9.717907554713715035e-01,9.609414017336337377e-01
5.827586206896550464e-02,5.050000000000000000e+03,5.580000000000000000e+02,1.743513222049597607e+04,9.781636301184702953e-01,9.715501750758902544e-01
5.827586206896550464e-02,5.050000000000000000e+03,6.660000000000000000e+02,1.726002090971323560e+04,9.819891365690163187e-01,9.775388492793197770e-01
5.827586206896550464e-02,5.050000000000000000e+03,8.640000000000000000e+02,1.702596400684508626e+04,9.861759086573071986e-01,9.836151628147656867e-01
5.827586206896550464e-02,5.050000000000000000e+03,1.062000000000000000e+03,1.693306742644962287e+04,9.885774450936966051e-01,9.867831534610252975e-01
5.827586206896550464e-02,5.050000000000000000e+03,1.392000000000000000e+03,1.691017046816556467e+04,9.908466954980029717e-01,9.896261058161447410e-01
5.827586206896550464e-02,5.050000000000000000e+03,2.050000000000000000e+03,1.667277832370772740e+04,9.929280491452643354e-01,9.923139264825266981e-01
5.827586206896550464e-02,5.050000000000000000e+03,3.105000000000000000e+03,1.653960562244938410e+04,9.942421538899953726e-01,9.938459468184251966e-01
5.827586206896550464e-02,5.050000000000000000e+03,4.027000000000000000e+03,1.646570140694592192e+04,9.947753123531204444e-01,9.944876955960902931e-01
5.827586206896550464e-02,5.050000000000000000e+03,5.150000000000000000e+03,1.652329295884613748e+04,9.951462838167447478e-01,9.949827206560598603e-01
6.310344827586204797e-02,5.050000000000000000e+03,4.460000000000000000e+02,1.752117551602738604e+04,9.695251105430913174e-01,9.578898141491631879e-01
6.310344827586204797e-02,5.050000000000000000e+03,5.580000000000000000e+02,1.739463587053136143e+04,9.763973955295822682e-01,9.692935683922997425e-01
6.310344827586204797e-02,5.050000000000000000e+03,6.660000000000000000e+02,1.722828983205471013e+04,9.805261678081605980e-01,9.757417274042673450e-01
6.310344827586204797e-02,5.050000000000000000e+03,8.640000000000000000e+02,1.700306773531157160e+04,9.850478407367052602e-01,9.822924112899042992e-01
6.310344827586204797e-02,5.050000000000000000e+03,1.062000000000000000e+03,1.691467316965611462e+04,9.876428908210627133e-01,9.857112187508428880e-01
6.310344827586204797e-02,5.050000000000000000e+03,1.392000000000000000e+03,1.689573012716494122e+04,9.900959434554412741e-01,9.887810204009499504e-01
6.310344827586204797e-02,5.050000000000000000e+03,2.050000000000000000e+03,1.666220740637702693e+04,9.923466906932869591e-01,9.916847770822714292e-01
6.310344827586204797e-02,5.050000000000000000e+03,3.105000000000000000e+03,1.653120681201403204e+04,9.937681450339372891e-01,9.933412719247299849e-01
6.310344827586204797e-02,5.050000000000000000e+03,4.027000000000000000e+03,1.645818915236097018e+04,9.943449455806069315e-01,9.940339739740179370e-01
6.310344827586204797e-02,5.050000000000000000e+03,5.150000000000000000e+03,1.651643113526068919e+04,9.947463132374364525e-01,9.945695223960813180e-01
6.793103448275861211e-02,5.050000000000000000e+03,4.460000000000000000e+02,1.746584183057020709e+04,9.672700053472923498e-01,9.548646989889228998e-01
6.793103448275861211e-02,5.050000000000000000e+03,5.580000000000000000e+02,1.735440176009606148e+04,9.746375278955865529e-01,9.670515746670392820e-01
6.793103448275861211e-02,5.050000000000000000e+03,6.660000000000000000e+02,1.719672357545343039e+04,9.790675516285517466e-01,9.739539403375260251e-01
6.793103448275861211e-02,5.050000000000000000e+03,8.640000000000000000e+02,1.698025980141493346e+04,9.839223506184086032e-01,9.809747631611880347e-01
6.793103448275861211e-02,5.050000000000000000e+03,1.062000000000000000e+03,1.689633712855220801e+04,9.867101018462504092e-01,9.846426765897078326e-01
6.793103448275861211e-02,5.050000000000000000e+03,1.392000000000000000e+03,1.688132584357848827e+04,9.893463282222384469e-01,9.879380451571717625e-01
6.793103448275861211e-02,5.050000000000000000e+03,2.050000000000000000e+03,1.665165616765951199e+04,9.917660126126216502e-01,9.910567988942483586e-01
6.793103448275861211e-02,5.050000000000000000e+03,3.105000000000000000e+03,1.652282551618278376e+04,9.932945879336746442e-01,9.928376494635229310e-01
6.793103448275861211e-02,5.050000000000000000e+03,4.027000000000000000e+03,1.645068374948665951e+04,9.939149510237323959e-01,9.935806661783448401e-01
6.793103448275861211e-02,5.050000000000000000e+03,5.150000000000000000e+03,1.650957500849093049e+04,9.943466640424204472e-01,9.941566671811112865e-01
7.275862068965517626e-02,5.050000000000000000e+03,4.460000000000000000e+02,1.741094625066141816e+04,9.650253665087248356e-01,9.518635352377613490e-01
7.275862068965517626e-02,5.050000000000000000e+03,5.580000000000000000e+02,1.731439825263203602e+04,9.728839928508498103e-01,9.648224309938622234e-01
7.275862068965517626e-02,5.050000000000000000e+03,6.660000000000000000e+02,1.716529799357324737e+04,9.776132686345360145e-01,9.721741205267748764e-01
7.275862068965517626e-02,5.050000000000000000e+03,8.640000000000000000e+02,1.695752314586285138e+04,9.827994294765115546e-01,9.796612328880279774e-01
7.275862068965517626e-02,5.050000000000000000e+03,1.062000000000000000e+03,1.687804571014317480e+04,9.857790731722210209e-01,9.835767348389092835e-01
7.275862068965517626e-02,5.050000000000000000e+03,1.392000000000000000e+03,1.686694700747526440e+04,9.885978472182662680e-01,9.870965591647159476e-01
7.275862068965517626e-02,5.050000000000000000e+03,2.050000000000000000e+03,1.664111586405425624e+04,9.911860137095962475e-01,9.904294715314190256e-01
7.275862068965517626e-02,5.050000000000000000e+03,3.105000000000000000e+03,1.651445486098301990e+04,9.928214819436934624e-01,9.923346663856671412e-01
7.275862068965517626e-02,5.050000000000000000e+03,4.027000000000000000e+03,1.644317972968378672e+04,9.934853281998230479e-01,9.931274419167704925e-01
7.275862068965517626e-02,5.050000000000000000e+03,5.150000000000000000e+03,1.650271958412685854e+04,9.939473358444947948e-01,9.937438542628870275e-01
7.758620689655172653e-02,5.050000000000000000e+03,4.460000000000000000e+02,1.735656010716813034e+04,9.627911213316574512e-01,9.488902225832867021e-01
7.758620689655172653e-02,5.050000000000000000e+03,5.580000000000000000e+02,1.727467904547508442e+04,9.711367562766128891e-01,9.626091295873006048e-01
7.758620689655172653e-02,5.050000000000000000e+03,6.660000000000000000e+02,1.713405587076355368e+04,9.761632995455287176e-01,9.704046911071821935e-01
7.758620689655172653e-02,5.050000000000000000e+03,8.640000000000000000e+02,1.693488901447859462e+04,9.816790685253530269e-01,9.783536255879217158e-01
7.758620689655172653e-02,5.050000000000000000e+03,1.062000000000000000e+03,1.685982417738751610e+04,9.848497998207781379e-01,9.825148657102577010e-01
7.758620689655172653e-02,5.050000000000000000e+03,1.392000000000000000e+03,1.685261363941481613e+04,9.878504978711982742e-01,9.862577340775534607e-01
7.758620689655172653e-02,5.050000000000000000e+03,2.050000000000000000e+03,1.663060127227244811e+04,9.906066927933284694e-01,9.898036744594619352e-01
7.758620689655172653e-02,5.050000000000000000e+03,3.105000000000000000e+03,1.650610274353825298e+04,9.923488264197101172e-01,9.918327972202641840e-01
7.758620689655172653e-02,5.050000000000000000e+03,4.027000000000000000e+03,1.643568751102875103e+04,9.930560766270384310e-01,9.926749304153773545e-01
7.758620689655172653e-02,5.050000000000000000e+03,5.150000000000000000e+03,1.649587438080646461e+04,9.935483282570785057e-01,9.933316568249953571e-01
8.241379310344824904e-02,5.050000000000000000e+03,4.460000000000000000e+02,1.730269721090005260e+04,9.605671977920305915e-01,9.459455160681006225e-01
8.241379310344824904e-02,5.050000000000000000e+03,5.580000000000000000e+02,1.723525652036073006e+04,9.693957842987775964e-01,9.604123604035395001e-01
8.241379310344824904e-02,5.050000000000000000e+03,6.660000000000000000e+02,1.710300774083373108e+04,9.747176251951618076e-01,9.686462486717622999e-01
8.241379310344824904e-02,5.050000000000000000e+03,8.640000000000000000e+02,1.691236557472297500e+04,9.805612590192882561e-01,9.770524131071796070e-01
8.241379310344824904e-02,5.050000000000000000e+03,1.062000000000000000e+03,1.684167924930280060e+04,9.839222768324789037e-01,9.814574607579339416e-01
8.241379310344824904e-02,5.050000000000000000e+03,1.392000000000000000e+03,1.683833109316656919e+04,9.871042776164803412e-01,9.854218832118628590e-01
8.241379310344824904e-02,5.050000000000000000e+03,2.050000000000000000e+03,1.662011804436258535e+04,9.900280486757192522e-01,9.891797440714080736e-01
8.241379310344824904e-02,5.050000000000000000e+03,3.105000000000000000e+03,1.649777130672480780e+04,9.918766207186658912e-01,9.913321707302965580e-01
8.241379310344824904e-02,5.050000000000000000e+03,4.027000000000000000e+03,1.642821004253458523e+04,9.926271958243712001e-01,9.922233097872686924e-01
8.241379310344824904e-02,5.050000000000000000e+03,5.150000000000000000e+03,1.648904209613188868e+04,9.931496408942112053e-01,9.929202373088772404e-01
8.724137931034481319e-02,5.050000000000000000e+03,4.460000000000000000e+02,1.724915073451916032e+04,9.583535245297154503e-01,9.430181083572471978e-01
8.724137931034481319e-02,5.050000000000000000e+03,5.580000000000000000e+02,1.719598029517188479e+04,9.676610432857173372e-01,9.582237435937579484e-01
8.724137931034481319e-02,5.050000000000000000e+03,6.660000000000000000e+02,1.707203534255197155e+04,9.732762265304382154e-01,9.668920953753006309e-01
8.724137931034481319e-02,5.050000000000000000e+03,8.640000000000000000e+02,1.688986701999661818e+04,9.794459922524603179e-01,9.757526382714425406e-01
8.724137931034481319e-02,5.050000000000000000e+03,1.062000000000000000e+03,1.682354178301992579e+04,9.829964992665463086e-01,9.804004906459239388e-01
8.724137931034481319e-02,5.050000000000000000e+03,1.392000000000000000e+03,1.682404478509025284e+04,9.863591838973019277e-01,9.845858121944434105e-01
8.724137931034481319e-02,5.050000000000000000e+03,2.050000000000000000e+03,1.660962354445849633e+04,9.894500801714438687e-01,9.885551428079527581e-01
8.724137931034481319e-02,5.050000000000000000e+03,3.105000000000000000e+03,1.648942797440644426e+04,9.914048641987269761e-01,9.908308294530709937e-01
8.724137931034481319e-02,5.050000000000000000e+03,4.027000000000000000e+03,1.642071858853955200e+04,9.921986853116444571e-01,9.917708444694509629e-01
8.724137931034481319e-02,5.050000000000000000e+03,5.150000000000000000e+03,1.648219647351511958e+04,9.927512733705525783e-01,9.925080146222261535e-01
9.206896551724137734e-02,5.050000000000000000e+03,4.460000000000000000e+02,1.719612863415564789e+04,9.561500308408832360e-01,9.401193684972107834e-01
9.206896551724137734e-02,5.050000000000000000e+03,5.580000000000000000e+02,1.715700495440186569e+04,9.659324998461118472e-01,9.560518931787527208e-01
9.206896551724137734e-02,5.050000000000000000e+03,6.660000000000000000e+02,1.704126146019280350e+04,9.718390846108961867e-01,9.651491852301391505e-01
9.206896551724137734e-02,5.050000000000000000e+03,8.640000000000000000e+02,1.686748309269803212e+04,9.783332595585748637e-01,9.744594856320160092e-01
9.206896551724137734e-02,5.050000000000000000e+03,1.062000000000000000e+03,1.680548432651674011e+04,9.820724622007807048e-01,9.793481831446931851e-01
9.206896551724137734e-02,5.050000000000000000e+03,1.392000000000000000e+03,1.680981210555076905e+04,9.856152141645663223e-01,9.837528796551467947e-01
9.206896551724137734e-02,5.050000000000000000e+03,2.050000000000000000e+03,1.659915978248616011e+04,9.888727860979432682e-01,9.879323709743116355e-01
9.206896551724137734e-02,5.050000000000000000e+03,3.105000000000000000e+03,1.648110603952757083e+04,9.909335562192788105e-01,9.903307739234621376e-01
9.206896551724137734e-02,5.050000000000000000e+03,4.027000000000000000e+03,1.641324335851690557e+04,9.917705446095104183e-01,9.913193590394930865e-01
9.206896551724137734e-02,5.050000000000000000e+03,5.150000000000000000e+03,1.647536511851199612e+04,9.923532253013791493e-01,9.920966510881107370e-01
9.689655172413789985e-02,5.050000000000000000e+03,4.460000000000000000e+02,1.714359150086053342e+04,9.539566466704755276e-01,9.372471419846715168e-01
9.689655172413789985e-02,5.050000000000000000e+03,5.580000000000000000e+02,1.711830387797385993e+04,9.642101208268044621e-01,9.538953257892004434e-01
9.689655172413789985e-02,5.050000000000000000e+03,6.660000000000000000e+02,1.701066578767018655e+04,9.704061806077792784e-01,9.634163681804300827e-01
9.689655172413789985e-02,5.050000000000000000e+03,8.640000000000000000e+02,1.684519953728968903e+04,9.772230523106756328e-01,9.731721316253790777e-01
9.689655172413789985e-02,5.050000000000000000e+03,1.062000000000000000e+03,1.678749550763514344e+04,9.811501607314730977e-01,9.782998755359196830e-01
9.689655172413789985e-02,5.050000000000000000e+03,1.392000000000000000e+03,1.679562423804925493e+04,9.848723658768611111e-01,9.829225696300769588e-01
9.689655172413789985e-02,5.050000000000000000e+03,2.050000000000000000e+03,1.658872226223162579e+04,9.882961652754174153e-01,9.873111609692707402e-01
9.689655172413789985e-02,5.050000000000000000e+03,3.105000000000000000e+03,1.647280020847041669e+04,9.904626961409247476e-01,9.898316860540448126e-01
9.689655172413789985e-02,5.050000000000000000e+03,4.027000000000000000e+03,1.640577987144986764e+04,9.913427732394474168e-01,9.908685828550496399e-01
9.689655172413789985e-02,5.050000000000000000e+03,5.150000000000000000e+03,1.646854393919516951e+04,9.919554963025853933e-01,9.916859003030437103e-01
1.017241379310344501e-01,5.050000000000000000e+03,4.460000000000000000e+02,1.709144948104168725e+04,9.517733026047808798e-01,9.343965164870872142e-01
1.017241379310344501e-01,5.050000000000000000e+03,5.580000000000000000e+02,1.707981157713733774e+04,9.624938733106824795e-01,9.517503921492458385e-01
1.017241379310344501e-01,5.050000000000000000e+03,6.660000000000000000e+02,1.698019684628682080e+04,9.689774958032136842e-01,9.616907286777633956e-01
1.017241379310344501e-01,5.050000000000000000e+03,8.640000000000000000e+02,1.682297879937844118e+04,9.761153619209208543e-01,9.718884066786066533e-01
1.017241379310344501e-01,5.050000000000000000e+03,1.062000000000000000e+03,1.676954505551586772e+04,9.802295899733183271e-01,9.772538037698177416e-01
1.017241379310344501e-01,5.050000000000000000e+03,1.392000000000000000e+03,1.678145722764201491e+04,9.841306365004308665e-01,9.820934802151140008e-01
1.017241379310344501e-01,5.050000000000000000e+03,2.050000000000000000e+03,1.657829211784456129e+04,9.877202165268158529e-01,9.866903899538130851e-01
1.017241379310344501e-01,5.050000000000000000e+03,3.105000000000000000e+03,1.646449606704625330e+04,9.899922833254835020e-01,9.893326997127375177e-01
1.017241379310344501e-01,5.050000000000000000e+03,4.027000000000000000e+03,1.639831527177504177e+04,9.909153707237596809e-01,9.904177394718437499e-01
1.017241379310344501e-01,5.050000000000000000e+03,5.150000000000000000e+03,1.646172118742050952e+04,9.915580859906800715e-01,9.912750548293224329e-01
1.065517241379310281e-01,5.050000000000000000e+03,4.460000000000000000e+02,1.703976271495422043e+04,9.495999298641129016e-01,9.315707798967423070e-01
1.065517241379310281e-01,5.050000000000000000e+03,5.580000000000000000e+02,1.704157431110819743e+04,9.607837246145808363e-01,9.496196699938174168e-01
1.065517241379310281e-01,5.050000000000000000e+03,6.660000000000000000e+02,1.694989171795990842e+04,9.675530115893929972e-01,9.599743668942570807e-01
1.065517241379310281e-01,5.050000000000000000e+03,8.640000000000000000e+02,1.680084837674367009e+04,9.750101798403628672e-01,9.706098993791486551e-01
1.065517241379310281e-01,5.050000000000000000e+03,1.062000000000000000e+03,1.675165524777011524e+04,9.793107450593283581e-01,9.762112660855591928e-01
1.065517241379310281e-01,5.050000000000000000e+03,1.392000000000000000e+03,1.676732866818963885e+04,9.833900235091466158e-01,9.812666410476456047e-01
1.065517241379310281e-01,5.050000000000000000e+03,2.050000000000000000e+03,1.656788329925939979e+04,9.871449386778307078e-01,9.860708881863362585e-01
1.065517241379310281e-01,5.050000000000000000e+03,3.105000000000000000e+03,1.645620391782298611e+04,9.895223171359849301e-01,9.888344339690385842e-01
1.065517241379310281e-01,5.050000000000000000e+03,4.027000000000000000e+03,1.639085894115766132e+04,9.904883365855750021e-01,9.899673955192834773e-01
1.065517241379310281e-01,5.050000000000000000e+03,5.150000000000000000e+03,1.645490543884920044e+04,9.911609939827875637e-01,9.908646310673230317e-01
1.113793103448275507e-01,5.050000000000000000e+03,4.460000000000000000e+02,1.698851406973245321e+04,9.474364602955861470e-01,9.287689955528796171e-01
1.113793103448275507e-01,5.050000000000000000e+03,5.580000000000000000e+02,1.700358182125050007e+04,9.590796422872062132e-01,9.475025876737062092e-01
1.113793103448275507e-01,5.050000000000000000e+03,6.660000000000000000e+02,1.691974339366664208e+04,9.661327094677719662e-01,9.582668858667715561e-01
1.113793103448275507e-01,5.050000000000000000e+03,8.640000000000000000e+02,1.677880379563656606e+04,9.739074975587265204e-01,9.693363512719090913e-01
1.113793103448275507e-01,5.050000000000000000e+03,1.062000000000000000e+03,1.673382268793610638e+04,9.783936211407474604e-01,9.751720645525988607e-01
1.113793103448275507e-01,5.050000000000000000e+03,1.392000000000000000e+03,1.675323613840718099e+04,9.826505243844783077e-01,9.804419104279297192e-01
1.113793103448275507e-01,5.050000000000000000e+03,2.050000000000000000e+03,1.655749452077293245e+04,9.865703305568884751e-01,9.854525791456285599e-01
1.113793103448275507e-01,5.050000000000000000e+03,3.105000000000000000e+03,1.644792239984538173e+04,9.890527969366676997e-01,9.883368070447076104e-01
1.113793103448275507e-01,5.050000000000000000e+03,4.027000000000000000e+03,1.638340988099074093e+04,9.900616703488425152e-01,9.895174906839733220e-01
1.113793103448275507e-01,5.050000000000000000e+03,5.150000000000000000e+03,1.644809578225225778e+04,9.907642198966440938e-01,9.904545741455923480e-01
1.162068965517241148e-01,5.050000000000000000e+03,4.460000000000000000e+02,1.693774985355978060e+04,9.452828263659941443e-01,9.259936951427794050e-01
1.162068965517241148e-01,5.050000000000000000e+03,5.580000000000000000e+02,1.696586961505763975e+04,9.573815941070852320e-01,9.454011237980207705e-01
1.162068965517241148e-01,5.050000000000000000e+03,6.660000000000000000e+02,1.688978029555554531e+04,9.647165710482635825e-01,9.565698953126128279e-01
1.162068965517241148e-01,5.050000000000000000e+03,8.640000000000000000e+02,1.675686593616487880e+04,9.728073066041926786e-01,9.680689686316441556e-01
1.162068965517241148e-01,5.050000000000000000e+03,1.062000000000000000e+03,1.671606434743044883e+04,9.774782133869658329e-01,9.741371881889085982e-01
1.162068965517241148e-01,5.050000000000000000e+03,1.392000000000000000e+03,1.673919303055026830e+04,9.819121366154657249e-01,9.796200721047646498e-01
1.162068965517241148e-01,5.050000000000000000e+03,2.050000000000000000e+03,1.654713357861603436e+04,9.859963909951412475e-01,9.848359268400467270e-01
1.162068965517241148e-01,5.050000000000000000e+03,3.105000000000000000e+03,1.643965918407430581e+04,9.885837220929774016e-01,9.878402798789919226e-01
1.162068965517241148e-01,5.050000000000000000e+03,4.027000000000000000e+03,1.637598160697695312e+04,9.896353715383314764e-01,9.890688412809718333e-01
1.162068965517241148e-01,5.050000000000000000e+03,5.150000000000000000e+03,1.644129850984854420e+04,9.903677633505989508e-01,9.900452629625168255e-01
1.210344827586206790e-01,5.050000000000000000e+03,4.460000000000000000e+02,1.688736561098058519e+04,9.431389611547802421e-01,9.232391680440648063e-01
1.210344827586206790e-01,5.050000000000000000e+03,5.580000000000000000e+02,1.692836151434451313e+04,9.556895480805333021e-01,9.433110334360007565e-01
1.210344827586206790e-01,5.050000000000000000e+03,6.660000000000000000e+02,1.685994241914878876e+04,9.633045780484462695e-01,9.548799968171142183e-01
1.210344827586206790e-01,5.050000000000000000e+03,8.640000000000000000e+02,1.673499111524490218e+04,9.717095985431799532e-01,9.668052278218963735e-01
1.210344827586206790e-01,5.050000000000000000e+03,1.062000000000000000e+03,1.669834490506827569e+04,9.765645169854356711e-01,9.731045786343984760e-01
1.210344827586206790e-01,5.050000000000000000e+03,1.392000000000000000e+03,1.672517137392814766e+04,9.811748576986896175e-01,9.787994891623180704e-01
1.210344827586206790e-01,5.050000000000000000e+03,2.050000000000000000e+03,1.653678036324268760e+04,9.854231188264601649e-01,9.842197344095243716e-01
1.210344827586206790e-01,5.050000000000000000e+03,3.105000000000000000e+03,1.643139779593250205e+04,9.881150919715618874e-01,9.873438625334246543e-01
1.210344827586206790e-01,5.050000000000000000e+03,4.027000000000000000e+03,1.636856810121056697e+04,9.892094396796288214e-01,9.886210838436365611e-01
1.210344827586206790e-01,5.050000000000000000e+03,5.150000000000000000e+03,1.643450010839986498e+04,9.899716239636111581e-01,9.896358837917688112e-01
1.258620689655172431e-01,5.050000000000000000e+03,4.460000000000000000e+02,1.683738703154558243e+04,9.410047983471081512e-01,9.205068187149549885e-01
1.258620689655172431e-01,5.050000000000000000e+03,5.580000000000000000e+02,1.689107806666789838e+04,9.540034724396456722e-01,9.412334615736511756e-01
1.258620689655172431e-01,5.050000000000000000e+03,6.660000000000000000e+02,1.683024667791288448e+04,9.618967122927781777e-01,9.531981482916639381e-01
1.258620689655172431e-01,5.050000000000000000e+03,8.640000000000000000e+02,1.671319200869081396e+04,9.706143649801297624e-01,9.655458611432287119e-01
1.258620689655172431e-01,5.050000000000000000e+03,1.062000000000000000e+03,1.668067472384338180e+04,9.756525271415860123e-01,9.720748397978251631e-01
1.258620689655172431e-01,5.050000000000000000e+03,1.392000000000000000e+03,1.671117955739054378e+04,9.804386851382448365e-01,9.779806525373727633e-01
1.258620689655172431e-01,5.050000000000000000e+03,2.050000000000000000e+03,1.652644229977473515e+04,9.848505128874265324e-01,9.836044437751181313e-01
1.258620689655172431e-01,5.050000000000000000e+03,3.105000000000000000e+03,1.642314312772552512e+04,9.876469059402702699e-01,9.868478489810399434e-01
1.258620689655172431e-01,5.050000000000000000e+03,4.027000000000000000e+03,1.636116699451017848e+04,9.887838742991384988e-01,9.881740752792624871e-01
1.258620689655172431e-01,5.050000000000000000e+03,5.150000000000000000e+03,1.642770463114284939e+04,9.895758013552491406e-01,9.892266807069973744e-01
1.306896551724137656e-01,5.050000000000000000e+03,4.460000000000000000e+02,1.678791819249103719e+04,9.388802722270223056e-01,9.178023371004201403e-01
1.306896551724137656e-01,5.050000000000000000e+03,5.580000000000000000e+02,1.685409927633119150e+04,9.523233356403085770e-01,9.391728663472216354e-01
1.306896551724137656e-01,5.050000000000000000e+03,6.660000000000000000e+02,1.680075754017162762e+04,9.604929557118152550e-01,9.515280009653878102e-01
1.306896551724137656e-01,5.050000000000000000e+03,8.640000000000000000e+02,1.669151657231748686e+04,9.695215975572920586e-01,9.642936390741077002e-01
1.306896551724137656e-01,5.050000000000000000e+03,1.062000000000000000e+03,1.666309292046419432e+04,9.747422390787398028e-01,9.710502512253527119e-01
1.306896551724137656e-01,5.050000000000000000e+03,1.392000000000000000e+03,1.669724863406141230e+04,9.797036164457106899e-01,9.771653795375774276e-01
1.306896551724137656e-01,5.050000000000000000e+03,2.050000000000000000e+03,1.651614171697113488e+04,9.842785720173239383e-01,9.829913838778144841e-01
1.306896551724137656e-01,5.050000000000000000e+03,3.105000000000000000e+03,1.641491381441584235e+04,9.871791633681484823e-01,9.863533589753757935e-01
1.306896551724137656e-01,5.050000000000000000e+03,4.027000000000000000e+03,1.635379276275483790e+04,9.883586749240786951e-01,9.877286898951898042e-01
1.306896551724137656e-01,5.050000000000000000e+03,5.150000000000000000e+03,1.642092734067701531e+04,9.891802951456902804e-01,9.888185727757776711e-01
1.355172413793103714e-01,5.050000000000000000e+03,4.460000000000000000e+02,1.673881647150754361e+04,9.367653176707034790e-01,9.151179259806149213e-01
1.355172413793103714e-01,5.050000000000000000e+03,5.580000000000000000e+02,1.681732001387725541e+04,9.506491063602321434e-01,9.371233895537919301e-01
1.355172413793103714e-01,5.050000000000000000e+03,6.660000000000000000e+02,1.677139189536314007e+04,9.590932903414397526e-01,9.498648477870345053e-01
1.355172413793103714e-01,5.050000000000000000e+03,8.640000000000000000e+02,1.666990399609013912e+04,9.684312879545126096e-01,9.630450485287405105e-01
1.355172413793103714e-01,5.050000000000000000e+03,1.062000000000000000e+03,1.664555026834912860e+04,9.738336480380297422e-01,9.700279442127949237e-01
1.355172413793103714e-01,5.050000000000000000e+03,1.392000000000000000e+03,1.668333966036961283e+04,9.789696491401239653e-01,9.763513910862825496e-01
1.355172413793103714e-01,5.050000000000000000e+03,2.050000000000000000e+03,1.650585076589472374e+04,9.837072950581312591e-01,9.823788972321213508e-01
1.355172413793103714e-01,5.050000000000000000e+03,3.105000000000000000e+03,1.640669326032773097e+04,9.867118636254371689e-01,9.858593953012975142e-01
1.355172413793103714e-01,5.050000000000000000e+03,4.027000000000000000e+03,1.634642380220230370e+04,9.879338410824807237e-01,9.872836228787469359e-01
1.355172413793103714e-01,5.050000000000000000e+03,5.150000000000000000e+03,1.641414936037721782e+04,9.887851049557181415e-01,9.884104233048434107e-01
1.403448275862068939e-01,5.050000000000000000e+03,4.460000000000000000e+02,1.669007240285491571e+04,9.346598701398147746e-01,9.124530678596612931e-01
1.403448275862068939e-01,5.050000000000000000e+03,5.580000000000000000e+02,1.678073341050179079e+04,9.489807534970050584e-01,9.350846484381336587e-01
1.403448275862068939e-01,5.050000000000000000e+03,6.660000000000000000e+02,1.674214401984741562e+04,9.576976983220936157e-01,9.482083645924274107e-01
1.403448275862068939e-01,5.050000000000000000e+03,8.640000000000000000e+02,1.664834994334007934e+04,9.673434278890221671e-01,9.617998389713524610e-01
1.403448275862068939e-01,5.050000000000000000e+03,1.062000000000000000e+03,1.662804314588828129e+04,9.729267492783155724e-01,9.690077077089847002e-01
1.403448275862068939e-01,5.050000000000000000e+03,1.392000000000000000e+03,1.666944968758365940e+04,9.782367807479500632e-01,9.755385146162355303e-01
1.403448275862068939e-01,5.050000000000000000e+03,2.050000000000000000e+03,1.649556619160508126e+04,9.831366808545137781e-01,9.817667901137147046e-01
1.403448275862068939e-01,5.050000000000000000e+03,3.105000000000000000e+03,1.639847749916012617e+04,9.862450060835695753e-01,9.853657196283195363e-01
1.403448275862068939e-01,5.050000000000000000e+03,4.027000000000000000e+03,1.633905770648913494e+04,9.875093723031870274e-01,9.868387288915257960e-01
1.403448275862068939e-01,5.050000000000000000e+03,5.150000000000000000e+03,1.640736890617999597e+04,9.883902304067225808e-01,9.880021248632895325e-01
1.451724137931034442e-01,5.050000000000000000e+03,4.460000000000000000e+02,1.664177922881449194e+04,9.325638656749359878e-01,9.098128603311230744e-01
1.451724137931034442e-01,5.050000000000000000e+03,5.580000000000000000e+02,1.674441246986346596e+04,9.473182461661669995e-01,9.330607110346303967e-01
1.451724137931034442e-01,5.050000000000000000e+03,6.660000000000000000e+02,1.671307358109264169e+04,9.563061618980182033e-01,9.465619307093494639e-01
1.451724137931034442e-01,5.050000000000000000e+03,8.640000000000000000e+02,1.662689920821935812e+04,9.662580091152266348e-01,9.605605982264653342e-01
1.451724137931034442e-01,5.050000000000000000e+03,1.062000000000000000e+03,1.661060826414451003e+04,9.720215380761019208e-01,9.679916810698616647e-01
1.451724137931034442e-01,5.050000000000000000e+03,1.392000000000000000e+03,1.665560809337473984e+04,9.775050088030563522e-01,9.747284693833357938e-01
1.451724137931034442e-01,5.050000000000000000e+03,2.050000000000000000e+03,1.648530905680023352e+04,9.825667282538160796e-01,9.811563161114192910e-01
1.451724137931034442e-01,5.050000000000000000e+03,3.105000000000000000e+03,1.639028262077002364e+04,9.857785901151674413e-01,9.848732987775092873e-01
1.451724137931034442e-01,5.050000000000000000e+03,4.027000000000000000e+03,1.633170978055553678e+04,9.870852681158488462e-01,9.863949323141122383e-01
1.451724137931034442e-01,5.050000000000000000e+03,5.150000000000000000e+03,1.640060076847349410e+04,9.879956711206976383e-01,9.875945680835506169e-01
1.500000000000000222e-01,5.050000000000000000e+03,4.460000000000000000e+02,1.659399075469081436e+04,9.304772408890876756e-01,9.072002449529523727e-01
1.500000000000000222e-01,5.050000000000000000e+03,5.580000000000000000e+02,1.670839843327409471e+04,9.456615536993036031e-01,9.310538754620006907e-01
1.500000000000000222e-01,5.050000000000000000e+03,6.660000000000000000e+02,1.668421384605411731e+04,9.549186634165017784e-01,9.449274302456687202e-01
1.500000000000000222e-01,5.050000000000000000e+03,8.640000000000000000e+02,1.660557647604177328e+04,9.651750234244987903e-01,9.593287524012257261e-01
1.500000000000000222e-01,5.050000000000000000e+03,1.062000000000000000e+03,1.659326568581631727e+04,9.711180097254558108e-01,9.669810334594288737e-01
1.500000000000000222e-01,5.050000000000000000e+03,1.392000000000000000e+03,1.664183073759351100e+04,9.767743308466830809e-01,9.739221835463072185e-01
1.500000000000000222e-01,5.050000000000000000e+03,2.050000000000000000e+03,1.647509225629306820e+04,9.819974361060543888e-01,9.805482426859519762e-01
1.500000000000000222e-01,5.050000000000000000e+03,3.105000000000000000e+03,1.638211747722917426e+04,9.853126150940383354e-01,9.843826646597132468e-01
1.500000000000000222e-01,5.050000000000000000e+03,4.027000000000000000e+03,1.632438823120230336e+04,9.866615280509257735e-01,9.859527288170041315e-01
1.500000000000000222e-01,5.050000000000000000e+03,5.150000000000000000e+03,1.639385252996638883e+04,9.876014267202410934e-01,9.871882095734062501e-01
