f_spot,tempSpot,wavelength,D_lambda,epsilon_Rackham,epsilon_ourWork
0.000000000000000000e+00,nan,4.075000000000000000e+02,9.371533750938131561e+03,nan,nan
0.000000000000000000e+00,nan,4.785000000000000000e+02,1.011492463497554127e+04,nan,nan
0.000000000000000000e+00,nan,5.386000000000000227e+02,1.055866821252082809e+04,nan,nan
0.000000000000000000e+00,nan,7.836999999999999318e+02,9.610065184710747417e+03,nan,nan
0.000000000000000000e+00,nan,8.780000000000000000e+02,9.056374882785212321e+03,nan,nan
0.000000000000000000e+00,nan,1.033000000000000000e+03,8.448737041473752470e+03,nan,nan
0.000000000000000000e+00,nan,1.372000000000000000e+03,8.139594849845610952e+03,nan,nan
0.000000000000000000e+00,nan,1.711000000000000000e+03,7.896885504842798582e+03,nan,nan
0.000000000000000000e+00,nan,2.050000000000000000e+03,7.950513825557781274e+03,nan,nan
0.000000000000000000e+00,nan,2.559000000000000000e+03,7.860645149813550233e+03,nan,nan
1.000000000000000194e-02,1.506800000000000182e+03,4.075000000000000000e+02,9.485756072098005461e+03,1.010100475701839473e+00,1.012188220647280978e+00
1.000000000000000194e-02,1.506800000000000182e+03,4.785000000000000000e+02,1.024589994067570660e+04,1.010098703048700530e+00,1.012948717902185436e+00
1.000000000000000194e-02,1.506800000000000182e+03,5.386000000000000227e+02,1.070067715770073301e+04,1.010095123711199028e+00,1.013449512980387546e+00
1.000000000000000194e-02,1.506800000000000182e+03,7.836999999999999318e+02,9.728772030740296032e+03,1.010040417915047950e+00,1.012352345561443823e+00
1.000000000000000194e-02,1.506800000000000182e+03,8.780000000000000000e+02,9.162516335593951226e+03,1.009996043300570356e+00,1.011720081620130163e+00
1.000000000000000194e-02,1.506800000000000182e+03,1.033000000000000000e+03,8.540945742290250564e+03,1.009893083069302699e+00,1.010913903505797018e+00
1.000000000000000194e-02,1.506800000000000182e+03,1.372000000000000000e+03,8.222785098057294817e+03,1.009564353354237110e+00,1.010220440912149575e+00
1.000000000000000194e-02,1.506800000000000182e+03,1.711000000000000000e+03,7.972148362549558442e+03,1.009161319179838090e+00,1.009530701396215591e+00
1.000000000000000194e-02,1.506800000000000182e+03,2.050000000000000000e+03,8.023290802382843140e+03,1.008748520143166960e+00,1.009153745081369680e+00
1.000000000000000194e-02,1.506800000000000182e+03,2.559000000000000000e+03,7.927206520153329620e+03,1.008179222374356199e+00,1.008467672700040119e+00
1.000000000000000194e-02,1.767600000000000136e+03,4.075000000000000000e+02,9.485569656490388297e+03,1.010084025247492967e+00,1.012168328961184249e+00
1.000000000000000194e-02,1.767600000000000136e+03,4.785000000000000000e+02,1.024535914124402552e+04,1.010057122155354703e+00,1.012895252409243385e+00
1.000000000000000194e-02,1.767600000000000136e+03,5.386000000000000227e+02,1.069962259768941840e+04,1.010020403503108621e+00,1.013349636746937676e+00
1.000000000000000194e-02,1.767600000000000136e+03,7.836999999999999318e+02,9.725154061071551041e+03,1.009735081758734943e+00,1.011975868440924353e+00
1.000000000000000194e-02,1.767600000000000136e+03,8.780000000000000000e+02,9.158075244179997753e+03,1.009578479269379825e+00,1.011229698716216152e+00
1.000000000000000194e-02,1.767600000000000136e+03,1.033000000000000000e+03,8.535296007768145500e+03,1.009287496976541965e+00,1.010245195923306305e+00
1.000000000000000194e-02,1.767600000000000136e+03,1.372000000000000000e+03,8.214398059703475155e+03,1.008600661663533238e+00,1.009190040934197397e+00
1.000000000000000194e-02,1.767600000000000136e+03,1.711000000000000000e+03,7.962206270881400087e+03,1.007951509292789982e+00,1.008271712436319856e+00
1.000000000000000194e-02,1.767600000000000136e+03,2.050000000000000000e+03,8.011977981548734533e+03,1.007389067205018307e+00,1.007730840715397536e+00
1.000000000000000194e-02,1.767600000000000136e+03,2.559000000000000000e+03,7.915257160031607782e+03,1.006711200677859130e+00,1.006947522649505711e+00
1.000000000000000194e-02,2.028400000000000091e+03,4.075000000000000000e+02,9.483249235790692182e+03,1.009879247859529983e+00,1.011920725872792914e+00
1.000000000000000194e-02,2.028400000000000091e+03,4.785000000000000000e+02,1.024084096730326564e+04,1.009709691826077060e+00,1.012448568513533820e+00
1.000000000000000194e-02,2.028400000000000091e+03,5.386000000000000227e+02,1.069281659685572595e+04,1.009538080086744172e+00,1.012705047799098423e+00
1.000000000000000194e-02,2.028400000000000091e+03,7.836999999999999318e+02,9.713015082477682881e+03,1.008710310045600300e+00,1.010712715864896083e+00
1.000000000000000194e-02,2.028400000000000091e+03,8.780000000000000000e+02,9.145339337018222068e+03,1.008380682778130089e+00,1.009823406758715070e+00
1.000000000000000194e-02,2.028400000000000091e+03,1.033000000000000000e+03,8.521990652964217588e+03,1.007861020963742194e+00,1.008670362343019100e+00
1.000000000000000194e-02,2.028400000000000091e+03,1.372000000000000000e+03,8.199411789549749301e+03,1.006878387462858848e+00,1.007348884165318426e+00
1.000000000000000194e-02,2.028400000000000091e+03,1.711000000000000000e+03,7.947118982850609427e+03,1.006115379417879430e+00,1.006361175931575147e+00
1.000000000000000194e-02,2.028400000000000091e+03,2.050000000000000000e+03,7.996520467350886975e+03,1.005531275261097202e+00,1.005786624965698817e+00
1.000000000000000194e-02,2.028400000000000091e+03,2.559000000000000000e+03,7.900456441916947369e+03,1.004892670397114163e+00,1.005064634180101724e+00
1.000000000000000194e-02,2.289199999999999818e+03,4.075000000000000000e+02,9.467518845178157790e+03,1.008490586478283380e+00,1.010242196932857217e+00
1.000000000000000194e-02,2.289199999999999818e+03,4.785000000000000000e+02,1.021842076661694227e+04,1.007984665722059692e+00,1.010232022024517118e+00
1.000000000000000194e-02,2.289199999999999818e+03,5.386000000000000227e+02,1.066521211717952247e+04,1.007580252801680620e+00,1.010090657506630629e+00
1.000000000000000194e-02,2.289199999999999818e+03,7.836999999999999318e+02,9.683398465468284485e+03,1.006208067126798555e+00,1.007630882761774371e+00
1.000000000000000194e-02,2.289199999999999818e+03,8.780000000000000000e+02,9.117807909342800485e+03,1.005789710551095117e+00,1.006783401455074722e+00
1.000000000000000194e-02,2.289199999999999818e+03,1.033000000000000000e+03,8.497258542616847990e+03,1.005208369775246746e+00,1.005743047854952721e+00
1.000000000000000194e-02,2.289199999999999818e+03,1.372000000000000000e+03,8.176808513799205684e+03,1.004279977969573245e+00,1.004571930745951081e+00
1.000000000000000194e-02,2.289199999999999818e+03,1.711000000000000000e+03,7.926955435538673555e+03,1.003661045829727261e+00,1.003807821536406353e+00
1.000000000000000194e-02,2.289199999999999818e+03,2.050000000000000000e+03,7.977375428860788816e+03,1.003229851492783542e+00,1.003378599659390247e+00
1.000000000000000194e-02,2.289199999999999818e+03,2.559000000000000000e+03,7.883357905055010633e+03,1.002791524363499942e+00,1.002889426352237656e+00
1.000000000000000194e-02,2.550000000000000000e+03,4.075000000000000000e+02,9.398000837002817207e+03,1.002344151814156259e+00,1.002824200047514713e+00
1.000000000000000194e-02,2.550000000000000000e+03,4.785000000000000000e+02,1.014124410646799515e+04,1.002033905743329401e+00,1.002602043262037279e+00
1.000000000000000194e-02,2.550000000000000000e+03,5.386000000000000227e+02,1.058432440549805870e+04,1.001828805489866303e+00,1.002429870174990967e+00
1.000000000000000194e-02,2.550000000000000000e+03,7.836999999999999318e+02,9.625359276381972450e+03,1.001296177851318747e+00,1.001591465965866457e+00
1.000000000000000194e-02,2.550000000000000000e+03,8.780000000000000000e+02,9.068740165871891804e+03,1.001166276453159698e+00,1.001365367848252808e+00
1.000000000000000194e-02,2.550000000000000000e+03,1.033000000000000000e+03,8.458075256021269524e+03,1.001002808292639212e+00,1.001105279345501753e+00
1.000000000000000194e-02,2.550000000000000000e+03,1.372000000000000000e+03,8.146322827181084904e+03,1.000773975175448971e+00,1.000826573983052858e+00
1.000000000000000194e-02,2.550000000000000000e+03,1.711000000000000000e+03,7.902131064023820727e+03,1.000638729474117916e+00,1.000664256709535183e+00
1.000000000000000194e-02,2.550000000000000000e+03,2.050000000000000000e+03,7.955097101414509780e+03,1.000551162956714757e+00,1.000576475427537249e+00
1.000000000000000194e-02,2.550000000000000000e+03,2.559000000000000000e+03,7.864444318098185249e+03,1.000466976944841768e+00,1.000483315073028789e+00
3.250000000000000805e-02,1.506800000000000182e+03,4.075000000000000000e+02,9.751620716736741088e+03,1.033589912750495277e+00,1.040557605179681655e+00
3.250000000000000805e-02,1.506800000000000182e+03,4.785000000000000000e+02,1.055080161382126971e+04,1.033583880592256365e+00,1.043092459368263336e+00
3.250000000000000805e-02,1.506800000000000182e+03,5.386000000000000227e+02,1.103147922036384989e+04,1.033571700621068512e+00,1.044779417093752993e+00
3.250000000000000805e-02,1.506800000000000182e+03,7.836999999999999318e+02,1.000499105045660144e+04,1.033385569634700518e+00,1.041095024659579371e+00
3.250000000000000805e-02,1.506800000000000182e+03,8.780000000000000000e+02,9.409433892105023915e+03,1.033234623890705306e+00,1.038984584217126805e+00
3.250000000000000805e-02,1.506800000000000182e+03,1.033000000000000000e+03,8.755225291635859321e+03,1.032884510665576405e+00,1.036276220772122114e+00
3.250000000000000805e-02,1.506800000000000182e+03,1.372000000000000000e+03,8.415850984216265715e+03,1.031767784615289507e+00,1.033939789322056324e+00
3.250000000000000805e-02,1.506800000000000182e+03,1.711000000000000000e+03,8.146534602883392836e+03,1.030400940962402867e+00,1.031613614998912576e+00
3.250000000000000805e-02,1.506800000000000182e+03,2.050000000000000000e+03,8.191679937132989835e+03,1.029003602313180332e+00,1.030333399433877473e+00
3.250000000000000805e-02,1.506800000000000182e+03,2.559000000000000000e+03,8.080894315694808938e+03,1.027080848348293385e+00,1.028019222555349943e+00
3.250000000000000805e-02,1.767600000000000136e+03,4.075000000000000000e+02,9.750983041947547463e+03,1.033533935420055894e+00,1.040489561377445860e+00
3.250000000000000805e-02,1.767600000000000136e+03,4.785000000000000000e+02,1.054894853996612983e+04,1.033442399165446890e+00,1.042909257424401659e+00
3.250000000000000805e-02,1.767600000000000136e+03,5.386000000000000227e+02,1.102786040872638659e+04,1.033317484317382684e+00,1.044436683373493491e+00
3.250000000000000805e-02,1.767600000000000136e+03,7.836999999999999318e+02,9.992623384015409101e+03,1.032347554411391144e+00,1.039808075382599561e+00
3.250000000000000805e-02,1.767600000000000136e+03,8.780000000000000000e+02,9.394280449917969236e+03,1.031815736973833220e+00,1.037311349354040457e+00
3.250000000000000805e-02,1.767600000000000136e+03,1.033000000000000000e+03,8.736004810947051737e+03,1.030828586073648800e+00,1.034001267652566280e+00
3.250000000000000805e-02,1.767600000000000136e+03,1.372000000000000000e+03,8.387412894625078479e+03,1.028503740214372852e+00,1.030445992626299878e+00
3.250000000000000805e-02,1.767600000000000136e+03,1.711000000000000000e+03,8.112932111564608022e+03,1.026313171412334802e+00,1.027358457532316693e+00
3.250000000000000805e-02,1.767600000000000136e+03,2.050000000000000000e+03,8.153529538429626882e+03,1.024420468502938775e+00,1.025534917280343628e+00
3.250000000000000805e-02,1.767600000000000136e+03,2.559000000000000000e+03,8.040727538734749032e+03,1.022145808372403319e+00,1.022909365006187787e+00
3.250000000000000805e-02,2.028400000000000091e+03,4.075000000000000000e+02,9.743050421964771886e+03,1.032837477087743538e+00,1.039643102281891718e+00
3.250000000000000805e-02,2.028400000000000091e+03,4.785000000000000000e+02,1.053348458629554989e+04,1.032261304924376732e+00,1.041380432027412706e+00
3.250000000000000805e-02,2.028400000000000091e+03,5.386000000000000227e+02,1.100454493967129019e+04,1.031678604686117051e+00,1.042228500619209353e+00
3.250000000000000805e-02,2.028400000000000091e+03,7.836999999999999318e+02,9.951283301669944194e+03,1.028874393722020830e+00,1.035506327002033489e+00
3.250000000000000805e-02,2.028400000000000091e+03,8.780000000000000000e+02,9.351012973029759451e+03,1.027760689476381106e+00,1.032533778035691574e+00
3.250000000000000805e-02,2.028400000000000091e+03,1.033000000000000000e+03,8.690972047271761767e+03,1.026008335287243556e+00,1.028671149854577083e+00
3.250000000000000805e-02,2.028400000000000091e+03,1.372000000000000000e+03,8.336931680231973587e+03,1.022706168357754963e+00,1.024244060549291957e+00
3.250000000000000805e-02,2.028400000000000091e+03,1.711000000000000000e+03,8.062308044325283845e+03,1.020152270361744051e+00,1.020947820426298280e+00
3.250000000000000805e-02,2.028400000000000091e+03,2.050000000000000000e+03,8.101801272817677273e+03,1.018203190021503390e+00,1.019028637718176977e+00
3.250000000000000805e-02,2.028400000000000091e+03,2.559000000000000000e+03,7.991360801566705049e+03,1.016078175520794158e+00,1.016629125124196120e+00
3.250000000000000805e-02,2.289199999999999818e+03,4.075000000000000000e+02,9.689511436140495789e+03,1.028131831487504311e+00,1.033930164864479417e+00
3.250000000000000805e-02,2.289199999999999818e+03,4.785000000000000000e+02,1.045721570309587878e+04,1.026424900082971714e+00,1.033840199553910377e+00
3.250000000000000805e-02,2.289199999999999818e+03,5.386000000000000227e+02,1.091068260584948621e+04,1.025063290277234307e+00,1.033338900914722025e+00
3.250000000000000805e-02,2.289199999999999818e+03,7.836999999999999318e+02,9.851418469648098835e+03,1.020462034956862718e+00,1.025114635572018429e+00
3.250000000000000805e-02,2.289199999999999818e+03,8.780000000000000000e+02,9.258426434739953038e+03,1.019064915055730713e+00,1.022310422720995149e+00
3.250000000000000805e-02,2.289199999999999818e+03,1.033000000000000000e+03,8.608120892917180754e+03,1.017127920998140977e+00,1.018864813836793948e+00
3.250000000000000805e-02,2.289199999999999818e+03,1.372000000000000000e+03,8.261590025674837307e+03,1.014045182815427548e+00,1.014987868325109677e+00
3.250000000000000805e-02,2.289199999999999818e+03,1.711000000000000000e+03,7.995335216891663549e+03,1.011997224319757915e+00,1.012466903817776043e+00
3.250000000000000805e-02,2.289199999999999818e+03,2.050000000000000000e+03,8.038363748094856419e+03,1.010573859341145742e+00,1.011049590562898226e+00
3.250000000000000805e-02,2.289199999999999818e+03,2.559000000000000000e+03,7.934853064793245721e+03,1.009129797800611961e+00,1.009440435685034831e+00
3.250000000000000805e-02,2.550000000000000000e+03,4.075000000000000000e+02,9.457749299224160495e+03,1.007658888992693180e+00,1.009199726595168878e+00
3.250000000000000805e-02,2.550000000000000000e+03,4.785000000000000000e+02,1.020047969251047834e+04,1.006640582885075519e+00,1.008458299060291941e+00
3.250000000000000805e-02,2.550000000000000000e+03,5.386000000000000227e+02,1.064197892593588040e+04,1.005968175765425521e+00,1.007890267194518019e+00
3.250000000000000805e-02,2.550000000000000000e+03,7.836999999999999318e+02,9.659718970554731641e+03,1.004224899514428948e+00,1.005166852137796329e+00
3.250000000000000805e-02,2.550000000000000000e+03,8.780000000000000000e+02,9.096549089436133727e+03,1.003800371110282530e+00,1.004436014097350061e+00
3.250000000000000805e-02,2.550000000000000000e+03,1.033000000000000000e+03,8.479091478822863792e+03,1.003266497209679420e+00,1.003592778092169846e+00
3.250000000000000805e-02,2.550000000000000000e+03,1.372000000000000000e+03,8.161464983558519634e+03,1.002519807424094189e+00,1.002686882346892627e+00
3.250000000000000805e-02,2.550000000000000000e+03,1.711000000000000000e+03,7.913938158742528685e+03,1.002078858404187756e+00,1.002159415112359397e+00
3.250000000000000805e-02,2.550000000000000000e+03,2.050000000000000000e+03,7.965408822249386503e+03,1.001793503763206195e+00,1.001873463403550657e+00
3.250000000000000805e-02,2.550000000000000000e+03,2.559000000000000000e+03,7.872990772381238457e+03,1.001519271366313024e+00,1.001570560982260050e+00
5.500000000000000722e-02,1.506800000000000182e+03,4.075000000000000000e+02,1.003018821495327211e+04,1.058197832425528340e+00,1.070282461923503847e+00
5.500000000000000722e-02,1.506800000000000182e+03,4.785000000000000000e+02,1.087023958126787147e+04,1.058187132336081859e+00,1.074673314290508053e+00
5.500000000000000722e-02,1.506800000000000182e+03,5.386000000000000227e+02,1.137834639473134303e+04,1.058165527283016605e+00,1.077630830490393876e+00
5.500000000000000722e-02,1.506800000000000182e+03,7.836999999999999318e+02,1.029420635253397450e+04,1.057835411175994000e+00,1.071190065277774606e+00
5.500000000000000722e-02,1.506800000000000182e+03,8.780000000000000000e+02,9.667888762225129540e+03,1.057567762461401939e+00,1.067523030721962751e+00
5.500000000000000722e-02,1.506800000000000182e+03,1.033000000000000000e+03,8.979197206217204439e+03,1.056947181257509083e+00,1.062785734973108021e+00
5.500000000000000722e-02,1.506800000000000182e+03,1.372000000000000000e+03,8.617275310608185464e+03,1.054969822057188367e+00,1.058686024252378566e+00
5.500000000000000722e-02,1.506800000000000182e+03,1.711000000000000000e+03,8.328057552793643481e+03,1.052553836610001348e+00,1.054600265849926055e+00
5.500000000000000722e-02,1.506800000000000182e+03,2.050000000000000000e+03,8.366608211319848124e+03,1.050088772651619484e+00,1.052335533890210506e+00
5.500000000000000722e-02,1.506800000000000182e+03,2.559000000000000000e+03,8.240081054312064225e+03,1.046704761910180581e+00,1.048270326069548286e+00
5.500000000000000722e-02,1.767600000000000136e+03,4.075000000000000000e+02,1.002905167320733381e+04,1.058098541058139830e+00,1.070161185964184636e+00
5.500000000000000722e-02,1.767600000000000136e+03,4.785000000000000000e+02,1.086693166398822177e+04,1.057936193021397298e+00,1.074346280980915891e+00
5.500000000000000722e-02,1.767600000000000136e+03,5.386000000000000227e+02,1.137187701464248494e+04,1.057714678936583663e+00,1.077018122527737543e+00
5.500000000000000722e-02,1.767600000000000136e+03,7.836999999999999318e+02,1.027218210396230097e+04,1.055996015734046889e+00,1.068898275560602462e+00
5.500000000000000722e-02,1.767600000000000136e+03,8.780000000000000000e+02,9.640953155144348784e+03,1.055054665872426467e+00,1.064548815605053100e+00
5.500000000000000722e-02,1.767600000000000136e+03,1.033000000000000000e+03,8.945134652150411057e+03,1.053309225070989230e+00,1.058754060901636151e+00
5.500000000000000722e-02,1.767600000000000136e+03,1.372000000000000000e+03,8.567049239777468756e+03,1.049208140711512582e+00,1.052515438153529992e+00
5.500000000000000722e-02,1.767600000000000136e+03,1.711000000000000000e+03,8.268906522253206276e+03,1.045356228226369755e+00,1.047109840605168207e+00
5.500000000000000722e-02,1.767600000000000136e+03,2.050000000000000000e+03,8.299606406047432756e+03,1.042037655401670593e+00,1.043908178534003195e+00
5.500000000000000722e-02,1.767600000000000136e+03,2.559000000000000000e+03,8.169772887584025739e+03,1.038061063176686449e+00,1.039326000840758990e+00
5.500000000000000722e-02,2.028400000000000091e+03,4.075000000000000000e+02,1.001492229235434388e+04,1.056863836955278302e+00,1.068653494562915807e+00
5.500000000000000722e-02,2.028400000000000091e+03,4.785000000000000000e+02,1.083936016535525050e+04,1.055843300621562397e+00,1.071620457543968730e+00
5.500000000000000722e-02,2.028400000000000091e+03,5.386000000000000227e+02,1.133027028036548472e+04,1.054812048149449177e+00,1.073077593908071226e+00
5.500000000000000722e-02,2.028400000000000091e+03,7.836999999999999318e+02,1.019885226704508932e+04,1.049861079841633016e+00,1.061267751156472983e+00
5.500000000000000722e-02,2.028400000000000091e+03,8.780000000000000000e+02,9.564392153294853415e+03,1.047900219739596794e+00,1.056094991327634292e+00
5.500000000000000722e-02,2.028400000000000091e+03,1.033000000000000000e+03,8.865753267796815635e+03,1.044821145127168283e+00,1.049358409934642911e+00
5.500000000000000722e-02,2.028400000000000091e+03,1.372000000000000000e+03,8.478497055038891631e+03,1.039039511019924200e+00,1.041636249892672339e+00
5.500000000000000722e-02,2.028400000000000091e+03,1.711000000000000000e+03,8.180457050792510927e+03,1.034586376464810442e+00,1.035909289273069911e+00
5.500000000000000722e-02,2.028400000000000091e+03,2.050000000000000000e+03,8.209475711172808587e+03,1.031198569373337870e+00,1.032571716909989723e+00
5.500000000000000722e-02,2.028400000000000091e+03,2.559000000000000000e+03,8.084047535800720652e+03,1.027515496328700317e+00,1.028420362671182309e+00
5.500000000000000722e-02,2.289199999999999818e+03,4.075000000000000000e+02,9.919998542892937621e+03,1.048553333891525385e+00,1.058524549612799737e+00
5.500000000000000722e-02,2.289199999999999818e+03,4.785000000000000000e+02,1.070423721594926428e+04,1.045552404732126961e+00,1.058261687777285909e+00
5.500000000000000722e-02,2.289199999999999818e+03,5.386000000000000227e+02,1.116406668047131825e+04,1.043163755202618725e+00,1.057336631454390163e+00
5.500000000000000722e-02,2.289199999999999818e+03,7.836999999999999318e+02,1.002352062981537529e+04,1.035125649965247696e+00,1.043023167601653700e+00
5.500000000000000722e-02,2.289199999999999818e+03,8.780000000000000000e+02,9.402273446785236956e+03,1.032695239920957686e+00,1.038193931730622799e+00
5.500000000000000722e-02,2.289199999999999818e+03,1.033000000000000000e+03,8.721247602860416009e+03,1.029333543500005499e+00,1.032254591431706947e+00
5.500000000000000722e-02,2.289199999999999818e+03,1.372000000000000000e+03,8.347757327486937356e+03,1.024002158016551922e+00,1.025574058842164016e+00
5.500000000000000722e-02,2.289199999999999818e+03,1.711000000000000000e+03,8.064655140040844344e+03,1.020473039372880697e+00,1.021245038324939625e+00
5.500000000000000722e-02,2.289199999999999818e+03,2.050000000000000000e+03,8.100055009324424645e+03,1.018026181714954959e+00,1.018808996128769406e+00
5.500000000000000722e-02,2.289199999999999818e+03,2.559000000000000000e+03,7.986839051463690339e+03,1.015548704644511746e+00,1.016053886067243894e+00
5.500000000000000722e-02,2.550000000000000000e+03,4.075000000000000000e+02,9.517708575452532386e+03,1.013030287350654257e+00,1.015597748287442093e+00
5.500000000000000722e-02,2.550000000000000000e+03,4.785000000000000000e+02,1.025965793384520111e+04,1.011289812453063375e+00,1.014308885542181793e+00
5.500000000000000722e-02,2.550000000000000000e+03,5.386000000000000227e+02,1.069945125941629340e+04,1.010141894177134736e+00,1.013333409485158265e+00
5.500000000000000722e-02,2.550000000000000000e+03,7.836999999999999318e+02,9.693961550497620919e+03,1.007170804050492086e+00,1.008730051687927176e+00
5.500000000000000722e-02,2.550000000000000000e+03,8.780000000000000000e+02,9.124304833386220707e+03,1.006448363075452379e+00,1.007500788282310822e+00
5.500000000000000722e-02,2.550000000000000000e+03,1.033000000000000000e+03,8.500089962368285342e+03,1.005540447640289603e+00,1.006078177204764224e+00
5.500000000000000722e-02,2.550000000000000000e+03,1.372000000000000000e+03,8.176595507716877364e+03,1.004271741463288459e+00,1.004545761620059929e+00
5.500000000000000722e-02,2.550000000000000000e+03,1.711000000000000000e+03,7.925738363162904534e+03,1.003523138603753306e+00,1.003653700981534058e+00
5.500000000000000722e-02,2.550000000000000000e+03,2.050000000000000000e+03,7.975708033267636893e+03,1.003038933526074983e+00,1.003168877919420332e+00
5.500000000000000722e-02,2.550000000000000000e+03,2.559000000000000000e+03,7.881525396611798897e+03,1.002573781731914249e+00,1.002656301919282456e+00
7.750000000000001332e-02,1.506800000000000182e+03,4.075000000000000000e+02,1.032216743274405599e+04,1.084006070272518496e+00,1.101438431218450420e+00
7.750000000000001332e-02,1.506800000000000182e+03,4.785000000000000000e+02,1.120509268534564035e+04,1.083990248535305234e+00,1.107778168371170935e+00
7.750000000000001332e-02,1.506800000000000182e+03,5.386000000000000227e+02,1.174224042709504101e+04,1.083958302555214193e+00,1.112094839117180767e+00
7.750000000000001332e-02,1.506800000000000182e+03,7.836999999999999318e+02,1.059720409085484971e+04,1.083470253376395576e+00,1.102719272676173201e+00
7.750000000000001332e-02,1.506800000000000182e+03,8.780000000000000000e+02,9.938589390622864812e+03,1.083074656133693692e+00,1.097413647210497833e+00
7.750000000000001332e-02,1.506800000000000182e+03,1.033000000000000000e+03,9.213455589760611474e+03,1.082157749511874156e+00,1.090512764752051611e+00
7.750000000000001332e-02,1.506800000000000182e+03,1.372000000000000000e+03,8.827551878388128898e+03,1.079239384433310134e+00,1.084519812255221316e+00
7.750000000000001332e-02,1.506800000000000182e+03,1.711000000000000000e+03,8.517117344774671437e+03,1.075680204584878563e+00,1.078541323608087410e+00
7.750000000000001332e-02,1.506800000000000182e+03,2.050000000000000000e+03,8.548416897059096300e+03,1.072056126297947998e+00,1.075203072986212760e+00
7.750000000000001332e-02,1.506800000000000182e+03,2.559000000000000000e+03,8.405028312803096924e+03,1.067093170648362621e+00,1.069254260002114432e+00
7.750000000000001332e-02,1.767600000000000136e+03,4.075000000000000000e+02,1.032047939965041769e+04,1.083859258079083787e+00,1.101258307757499333e+00
7.750000000000001332e-02,1.767600000000000136e+03,4.785000000000000000e+02,1.120017186213029345e+04,1.083619236625650961e+00,1.107291677033575450e+00
7.750000000000001332e-02,1.767600000000000136e+03,5.386000000000000227e+02,1.173260266365916323e+04,1.083291794529453123e+00,1.111182057008500701e+00
7.750000000000001332e-02,1.767600000000000136e+03,7.836999999999999318e+02,1.056452117825401547e+04,1.080753330483380514e+00,1.099318368314688543e+00
7.750000000000001332e-02,1.767600000000000136e+03,8.780000000000000000e+02,9.898691268841019337e+03,1.079364505408722197e+00,1.093008118254570338e+00
7.750000000000001332e-02,1.767600000000000136e+03,1.033000000000000000e+03,9.163153717844485072e+03,1.076792254426130135e+00,1.084558990635375864e+00
7.750000000000001332e-02,1.767600000000000136e+03,1.372000000000000000e+03,8.753640638084147213e+03,1.070763250636713959e+00,1.075439355344594672e+00
7.750000000000001332e-02,1.767600000000000136e+03,1.711000000000000000e+03,8.430368391239340781e+03,1.065119326283695322e+00,1.067556112605327900e+00
7.750000000000001332e-02,1.767600000000000136e+03,2.050000000000000000e+03,8.450390126583106394e+03,1.060271378380281515e+00,1.062873458495024348e+00
7.750000000000001332e-02,1.767600000000000136e+03,2.559000000000000000e+03,8.302516993225928672e+03,1.054479771855604708e+00,1.056213177797862945e+00
7.750000000000001332e-02,2.028400000000000091e+03,4.075000000000000000e+02,1.029950807932411590e+04,1.082034644893676845e+00,1.099020539545417563e+00
7.750000000000001332e-02,2.028400000000000091e+03,4.785000000000000000e+02,1.115920837710326850e+04,1.080527947113653520e+00,1.103241870781398237e+00
7.750000000000001332e-02,2.028400000000000091e+03,5.386000000000000227e+02,1.167073505264615233e+04,1.079006735525393834e+00,1.105322642755891982e+00
7.750000000000001332e-02,2.028400000000000091e+03,7.836999999999999318e+02,1.045614786325632667e+04,1.071721754186244935e+00,1.088041304848968771e+00
7.750000000000001332e-02,2.028400000000000091e+03,8.780000000000000000e+02,9.785820866066163944e+03,1.068844815826439421e+00,1.080545029630731957e+00
7.750000000000001332e-02,2.028400000000000091e+03,1.033000000000000000e+03,9.046577691950053122e+03,1.064336741675594222e+00,1.070760948949124325e+00
7.750000000000001332e-02,2.028400000000000091e+03,1.372000000000000000e+03,8.624247104339066937e+03,1.055903031118741398e+00,1.059542552600471144e+00
7.750000000000001332e-02,2.028400000000000091e+03,1.711000000000000000e+03,8.301651603588978105e+03,1.049434800269194445e+00,1.051256422357643938e+00
7.750000000000001332e-02,2.028400000000000091e+03,2.050000000000000000e+03,8.319598009888019078e+03,1.044529958618262144e+00,1.046422683165932899e+00
7.750000000000001332e-02,2.028400000000000091e+03,2.559000000000000000e+03,8.178547464883556131e+03,1.039213233198026387e+00,1.040442267652489816e+00
7.750000000000001332e-02,2.289199999999999818e+03,4.075000000000000000e+02,1.015929469424658964e+04,1.069802530025383946e+00,1.084058913326711338e+00
7.750000000000001332e-02,2.289199999999999818e+03,4.785000000000000000e+02,1.095977682178939176e+04,1.065406331261775197e+00,1.083525307137979787e+00
7.750000000000001332e-02,2.289199999999999818e+03,5.386000000000000227e+02,1.142558391281389777e+04,1.061914942919880867e+00,1.082104644529416237e+00
7.750000000000001332e-02,2.289199999999999818e+03,7.836999999999999318e+02,1.019976747454165525e+04,1.050216828988149942e+00,1.061362985421691274e+00
7.750000000000001332e-02,2.289199999999999818e+03,8.780000000000000000e+02,9.549397240774636884e+03,1.046695127874115894e+00,1.054439261224332069e+00
7.750000000000001332e-02,2.289199999999999818e+03,1.033000000000000000e+03,8.836670459166694855e+03,1.041835661006272007e+00,1.045916142944043337e+00
7.750000000000001332e-02,2.289199999999999818e+03,1.372000000000000000e+03,8.435319618345649360e+03,1.034156608607595063e+00,1.036331632465177011e+00
7.750000000000001332e-02,2.289199999999999818e+03,1.711000000000000000e+03,8.134917455402734959e+03,1.029092029130900254e+00,1.030142510033096315e+00
7.750000000000001332e-02,2.289199999999999818e+03,2.050000000000000000e+03,8.162445468849366080e+03,1.025589232662952766e+00,1.026656345481760990e+00
7.750000000000001332e-02,2.289199999999999818e+03,2.559000000000000000e+03,8.039310696287938299e+03,1.022049793432264764e+00,1.022729119947441756e+00
7.750000000000001332e-02,2.550000000000000000e+03,4.075000000000000000e+02,9.577834715071010578e+03,1.018459257853512767e+00,1.022013575324554280e+00
7.750000000000001332e-02,2.550000000000000000e+03,4.785000000000000000e+02,1.031874687632361383e+04,1.015982186775752805e+00,1.020150643598795925e+00
7.750000000000001332e-02,2.550000000000000000e+03,5.386000000000000227e+02,1.075670584059029716e+04,1.014350390032964011e+00,1.018755928691331469e+00
7.750000000000001332e-02,2.550000000000000000e+03,7.836999999999999318e+02,9.728070805601118991e+03,1.010134043122841385e+00,1.012279377779675693e+00
7.750000000000001332e-02,2.550000000000000000e+03,8.780000000000000000e+02,9.151995620416131715e+03,1.009110362621473467e+00,1.010558389959395287e+00
7.750000000000001332e-02,2.550000000000000000e+03,1.033000000000000000e+03,8.521063842877318166e+03,1.007824729517577511e+00,1.008560664280178543e+00
7.750000000000001332e-02,2.550000000000000000e+03,1.372000000000000000e+03,8.191710124681783782e+03,1.006029809338228942e+00,1.006402686595286866e+00
7.750000000000001332e-02,2.550000000000000000e+03,1.711000000000000000e+03,7.937528805643579290e+03,1.004971588048196418e+00,1.005146750674788869e+00
7.750000000000001332e-02,2.550000000000000000e+03,2.050000000000000000e+03,7.985992142040432554e+03,1.004287463780233480e+00,1.004462392904544421e+00
7.750000000000001332e-02,2.550000000000000000e+03,2.559000000000000000e+03,7.890046241770365668e+03,1.003630515048596683e+00,1.003740289937590235e+00
1.000000000000000056e-01,1.506800000000000182e+03,4.075000000000000000e+02,1.062870407501004229e+04,1.111104644915354767e+00,1.134147766788554001e+00
1.000000000000000056e-01,1.506800000000000182e+03,4.785000000000000000e+02,1.155652369535986691e+04,1.111083196415732166e+00,1.142521977415386969e+00
1.000000000000000056e-01,1.506800000000000182e+03,5.386000000000000227e+02,1.212442635800525750e+04,1.111039889944830383e+00,1.148291253590836503e+00
1.000000000000000056e-01,1.506800000000000182e+03,7.836999999999999318e+02,1.091502553886303212e+04,1.110378385195871509e+00,1.135790999235720911e+00
1.000000000000000056e-01,1.506800000000000182e+03,8.780000000000000000e+02,1.022247497624451171e+04,1.109842331305380903e+00,1.128760139520712302e+00
1.000000000000000056e-01,1.506800000000000182e+03,1.033000000000000000e+03,9.458794172956586408e+03,1.108600362347574864e+00,1.119551256776556647e+00
1.000000000000000056e-01,1.506800000000000182e+03,1.372000000000000000e+03,9.047348936841115574e+03,1.104651881726534945e+00,1.111523251923616673e+00
1.000000000000000056e-01,1.506800000000000182e+03,1.711000000000000000e+03,8.714266246051427515e+03,1.099845652848566058e+00,1.103506723088155006e+00
1.000000000000000056e-01,1.506800000000000182e+03,2.050000000000000000e+03,8.737588785040163202e+03,1.094962210754280685e+00,1.098996741185738868e+00
1.000000000000000056e-01,1.506800000000000182e+03,2.559000000000000000e+03,8.576119735740350734e+03,1.088291636070510160e+00,1.091019830089108078e+00
1.000000000000000056e-01,1.767600000000000136e+03,4.075000000000000000e+02,1.062640555441851575e+04,1.110905628935393574e+00,1.133902500575721284e+00
1.000000000000000056e-01,1.767600000000000136e+03,4.785000000000000000e+02,1.154981343938599275e+04,1.110580297602194788e+00,1.141858575935293718e+00
1.000000000000000056e-01,1.767600000000000136e+03,5.386000000000000227e+02,1.211126498121350960e+04,1.110136548982266325e+00,1.147044753887763946e+00
1.000000000000000056e-01,1.767600000000000136e+03,7.836999999999999318e+02,1.087056832590083104e+04,1.106699360576721691e+00,1.131164889827750208e+00
1.000000000000000056e-01,1.767600000000000136e+03,8.780000000000000000e+02,1.016830174597893529e+04,1.104821027000907785e+00,1.122778360832580535e+00
1.000000000000000056e-01,1.767600000000000136e+03,1.033000000000000000e+03,9.390704435162100708e+03,1.101346246376684990e+00,1.111492095098279398e+00
1.000000000000000056e-01,1.767600000000000136e+03,1.372000000000000000e+03,8.947662000818090746e+03,1.093222601098299718e+00,1.099276090011753748e+00
1.000000000000000056e-01,1.767600000000000136e+03,1.711000000000000000e+03,8.597674174715019035e+03,1.085644090996801037e+00,1.088742412365287349e+00
1.000000000000000056e-01,1.767600000000000136e+03,2.050000000000000000e+03,8.606168295280158418e+03,1.079154578554929245e+00,1.082466930327786514e+00
1.000000000000000056e-01,1.767600000000000136e+03,2.559000000000000000e+03,8.439173067260164316e+03,1.071426207274700726e+00,1.073598019808887694e+00
1.000000000000000056e-01,2.028400000000000091e+03,4.075000000000000000e+02,1.059787002710044180e+04,1.108433666175487442e+00,1.130857585188715708e+00
1.000000000000000056e-01,2.028400000000000091e+03,4.785000000000000000e+02,1.149402742918170770e+04,1.106394432637011871e+00,1.136343358351626698e+00
1.000000000000000056e-01,2.028400000000000091e+03,5.386000000000000227e+02,1.202694407642790429e+04,1.104337407835223717e+00,1.139058812565579393e+00
1.000000000000000056e-01,2.028400000000000091e+03,7.836999999999999318e+02,1.072378165274856474e+04,1.094512173461395177e+00,1.115890625779489831e+00
1.000000000000000056e-01,2.028400000000000091e+03,8.780000000000000000e+02,1.001580186279449299e+04,1.090643735303966855e+00,1.105939406487357779e+00
1.000000000000000056e-01,2.028400000000000091e+03,1.033000000000000000e+03,9.233816177600772789e+03,1.084595255316722850e+00,1.092922661963932507e+00
1.000000000000000056e-01,2.028400000000000091e+03,1.372000000000000000e+03,8.774418706944952646e+03,1.073322968728142035e+00,1.077992070712387118e+00
1.000000000000000056e-01,2.028400000000000091e+03,1.711000000000000000e+03,8.426056646248847755e+03,1.064715640438781863e+00,1.067010106842948725e+00
1.000000000000000056e-01,2.028400000000000091e+03,2.050000000000000000e+03,8.432293191075634240e+03,1.058210560300072656e+00,1.060597261521528445e+00
1.000000000000000056e-01,2.028400000000000091e+03,2.559000000000000000e+03,8.274950748323184598e+03,1.051180382659502532e+00,1.052706309801996420e+00
1.000000000000000056e-01,2.289199999999999818e+03,4.075000000000000000e+02,1.040803846653348774e+04,1.091930780997512285e+00,1.110601396008587871e+00
1.000000000000000056e-01,2.289199999999999818e+03,4.785000000000000000e+02,1.122429730708640636e+04,1.086028862614422552e+00,1.109676810470229258e+00
1.000000000000000056e-01,2.289199999999999818e+03,5.386000000000000227e+02,1.169561811966024470e+04,1.081352586567044582e+00,1.107679291010506661e+00
1.000000000000000056e-01,2.289199999999999818e+03,7.836999999999999318e+02,1.038032853209525092e+04,1.065754549163903331e+00,1.080151729731236632e+00
1.000000000000000056e-01,2.289199999999999818e+03,8.780000000000000000e+02,9.699936084951565135e+03,1.061079815585753705e+00,1.071061678706527909e+00
1.000000000000000056e-01,2.289199999999999818e+03,1.033000000000000000e+03,8.954492522606160492e+03,1.054645209888368962e+00,1.059861666737847319e+00
1.000000000000000056e-01,2.289199999999999818e+03,1.372000000000000000e+03,8.524339634540689076e+03,1.044514468184131184e+00,1.047268296738673055e+00
1.000000000000000056e-01,2.289199999999999818e+03,1.711000000000000000e+03,8.206167495257155679e+03,1.037857852287426663e+00,1.039165059468658781e+00
1.000000000000000056e-01,2.289199999999999818e+03,2.050000000000000000e+03,8.225569685768485215e+03,1.033265498507962343e+00,1.034595985397384954e+00
1.000000000000000056e-01,2.289199999999999818e+03,2.559000000000000000e+03,8.092294754968865163e+03,1.028634652608574340e+00,1.029469541079692352e+00
1.000000000000000056e-01,2.550000000000000000e+03,4.075000000000000000e+02,9.638157887981946260e+03,1.023946731099922847e+00,1.028450427019710123e+00
1.000000000000000056e-01,2.550000000000000000e+03,4.785000000000000000e+02,1.037774988929085521e+04,1.020718309226442688e+00,1.025983906336435991e+00
1.000000000000000056e-01,2.550000000000000000e+03,5.386000000000000227e+02,1.081374096759257736e+04,1.018594099825219201e+00,1.024157663631221515e+00
1.000000000000000056e-01,2.550000000000000000e+03,7.836999999999999318e+02,9.762050849569935963e+03,1.013114770184937452e+00,1.015815258475144534e+00
1.000000000000000056e-01,2.550000000000000000e+03,8.780000000000000000e+02,9.179626211597735164e+03,1.011786481190905196e+00,1.013609344843575899e+00
1.000000000000000056e-01,2.550000000000000000e+03,1.033000000000000000e+03,8.542018870582702220e+03,1.010119413411564304e+00,1.011040919921053494e+00
1.000000000000000056e-01,2.550000000000000000e+03,1.372000000000000000e+03,8.206813667424929008e+03,1.007794043318898103e+00,1.008258251033292252e+00
1.000000000000000056e-01,2.550000000000000000e+03,1.711000000000000000e+03,7.949313765011845135e+03,1.006424224816829582e+00,1.006639106029445951e+00
1.000000000000000056e-01,2.550000000000000000e+03,2.050000000000000000e+03,7.996264836831912362e+03,1.005539106118098269e+00,1.005754472261536137e+00
1.000000000000000056e-01,2.550000000000000000e+03,2.559000000000000000e+03,7.898556522944133576e+03,1.004689478352885246e+00,1.004822934047783889e+00
1.000000000000000194e-02,2.650000000000000000e+03,4.075000000000000000e+02,9.338673702149802921e+03,9.970865064225862273e-01,9.964936317083594730e-01
1.000000000000000194e-02,2.650000000000000000e+03,4.785000000000000000e+02,1.008346940792514943e+04,9.975661879452230041e-01,9.968902163698160068e-01
1.000000000000000194e-02,2.650000000000000000e+03,5.386000000000000227e+02,1.052874321209096342e+04,9.978641341319666180e-01,9.971658357069712597e-01
1.000000000000000194e-02,2.650000000000000000e+03,7.836999999999999318e+02,9.593259131830289334e+03,9.985748011927012557e-01,9.982512030295906946e-01
1.000000000000000194e-02,2.650000000000000000e+03,8.780000000000000000e+02,9.042974448662200302e+03,9.987355656936420800e-01,9.985203313360532240e-01
1.000000000000000194e-02,2.650000000000000000e+03,1.033000000000000000e+03,8.438788629642313026e+03,9.989314381973077861e-01,9.988224971634690474e-01
1.000000000000000194e-02,2.650000000000000000e+03,1.372000000000000000e+03,8.132590539154160979e+03,9.991941494579418270e-01,9.991394767404691013e-01
1.000000000000000194e-02,2.650000000000000000e+03,1.711000000000000000e+03,7.891493592352638188e+03,9.993434157381534400e-01,9.993172102486665986e-01
1.000000000000000194e-02,2.650000000000000000e+03,2.050000000000000000e+03,7.945838927135961967e+03,9.994377902199492736e-01,9.994120004663357149e-01
1.000000000000000194e-02,2.650000000000000000e+03,2.559000000000000000e+03,7.856796347720851372e+03,9.995269067349064063e-01,9.995103707113925928e-01
1.000000000000000194e-02,2.887500000000000000e+03,4.075000000000000000e+02,9.058668661254487233e+03,9.721188726846062833e-01,9.666153803637184128e-01
1.000000000000000194e-02,2.887500000000000000e+03,4.785000000000000000e+02,9.842505749632080551e+03,9.788118408238835055e-01,9.730676307363194111e-01
1.000000000000000194e-02,2.887500000000000000e+03,5.386000000000000227e+02,1.031445899257765814e+04,9.824819756653322411e-01,9.768712099833217755e-01
1.000000000000000194e-02,2.887500000000000000e+03,7.836999999999999318e+02,9.490963419639176209e+03,9.898798792909561106e-01,9.876065601239565339e-01
1.000000000000000194e-02,2.887500000000000000e+03,8.780000000000000000e+02,8.964400341559208755e+03,9.913105099966198486e-01,9.898442210689806231e-01
1.000000000000000194e-02,2.887500000000000000e+03,1.033000000000000000e+03,8.383065964479019385e+03,9.929419386753154386e-01,9.922271131563970004e-01
1.000000000000000194e-02,2.887500000000000000e+03,1.372000000000000000e+03,8.095684089531651807e+03,9.949465811810228599e-01,9.946052891914156646e-01
1.000000000000000194e-02,2.887500000000000000e+03,1.711000000000000000e+03,7.864013774630418084e+03,9.959966068323448107e-01,9.958373804214051273e-01
1.000000000000000194e-02,2.887500000000000000e+03,2.050000000000000000e+03,7.922485965262349055e+03,9.966288960192573043e-01,9.964747108287097532e-01
1.000000000000000194e-02,2.887500000000000000e+03,2.559000000000000000e+03,7.837904206556611825e+03,9.972044650340363692e-01,9.971069876805878085e-01
1.000000000000000194e-02,3.125000000000000000e+03,4.075000000000000000e+02,8.473461310915086869e+03,9.191063368598080263e-01,9.041701749264741128e-01
1.000000000000000194e-02,3.125000000000000000e+03,4.785000000000000000e+02,9.395812071481102976e+03,9.435222755157000041e-01,9.289057912495086722e-01
1.000000000000000194e-02,3.125000000000000000e+03,5.386000000000000227e+02,9.947834406844323894e+03,9.558015364740239939e-01,9.421485936121984928e-01
1.000000000000000194e-02,3.125000000000000000e+03,7.836999999999999318e+02,9.348095906872911655e+03,9.776787416863744751e-01,9.727401143693990004e-01
1.000000000000000194e-02,3.125000000000000000e+03,8.780000000000000000e+02,8.859908155710361825e+03,9.814070981914991831e-01,9.783062506115660639e-01
1.000000000000000194e-02,3.125000000000000000e+03,1.033000000000000000e+03,8.313350825642884956e+03,9.854381011790898093e-01,9.839755675710731841e-01
1.000000000000000194e-02,3.125000000000000000e+03,1.372000000000000000e+03,8.053182511701950716e+03,9.900520324617221313e-01,9.893837052411399435e-01
1.000000000000000194e-02,3.125000000000000000e+03,1.711000000000000000e+03,7.833774203789500461e+03,9.923126492369024332e-01,9.920080769798935716e-01
1.000000000000000194e-02,3.125000000000000000e+03,2.050000000000000000e+03,7.897482533754995529e+03,9.936206803764138229e-01,9.933298283650157101e-01
1.000000000000000194e-02,3.125000000000000000e+03,2.559000000000000000e+03,7.818155664025661281e+03,9.947763412108248104e-01,9.945946566753625095e-01
1.000000000000000194e-02,3.362500000000000000e+03,4.075000000000000000e+02,7.495891006490173822e+03,8.279583587755673380e-01,7.998574412368522069e-01
1.000000000000000194e-02,3.362500000000000000e+03,4.785000000000000000e+02,8.693344037082439172e+03,8.866088498584915323e-01,8.594571240820184643e-01
1.000000000000000194e-02,3.362500000000000000e+03,5.386000000000000227e+02,9.399028575262645973e+03,9.149843860900052084e-01,8.901717892903346918e-01
1.000000000000000194e-02,3.362500000000000000e+03,7.836999999999999318e+02,9.162481306912550281e+03,9.617256494925653376e-01,9.534255107332376689e-01
1.000000000000000194e-02,3.362500000000000000e+03,8.780000000000000000e+02,8.729134965081208065e+03,9.689657202995000107e-01,9.638663458680318818e-01
1.000000000000000194e-02,3.362500000000000000e+03,1.033000000000000000e+03,8.230167677434230427e+03,9.764695819895540252e-01,9.741299364666465843e-01
1.000000000000000194e-02,3.362500000000000000e+03,1.372000000000000000e+03,8.005705155105125414e+03,9.845806180136680297e-01,9.835508158316964566e-01
1.000000000000000194e-02,3.362500000000000000e+03,1.711000000000000000e+03,7.801192300837756193e+03,9.883421220624073467e-01,9.878821588654972397e-01
1.000000000000000194e-02,3.362500000000000000e+03,2.050000000000000000e+03,7.871121205778930744e+03,9.904481937373775802e-01,9.900141523528159793e-01
1.000000000000000194e-02,3.362500000000000000e+03,2.559000000000000000e+03,7.797723593117700148e+03,9.922637421659566970e-01,9.919953699096386579e-01
1.000000000000000194e-02,3.600000000000000000e+03,4.075000000000000000e+02,6.196219498000199565e+03,7.014799986645324781e-01,6.611745379863708250e-01
1.000000000000000194e-02,3.600000000000000000e+03,4.785000000000000000e+02,7.748621942509359542e+03,8.072062969626738749e-01,7.660582972329873508e-01
1.000000000000000194e-02,3.600000000000000000e+03,5.386000000000000227e+02,8.671382378494852674e+03,8.591760739901234123e-01,8.212572081971505344e-01
1.000000000000000194e-02,3.600000000000000000e+03,7.836999999999999318e+02,8.935177004541161295e+03,9.420318367221907074e-01,9.297727781031800420e-01
1.000000000000000194e-02,3.600000000000000000e+03,8.780000000000000000e+02,8.573255587888239461e+03,9.540669126885070739e-01,9.466542296283131375e-01
1.000000000000000194e-02,3.600000000000000000e+03,1.033000000000000000e+03,8.134547039250872331e+03,9.661398181807685503e-01,9.628121930318623845e-01
1.000000000000000194e-02,3.600000000000000000e+03,1.372000000000000000e+03,7.953895308226210545e+03,9.786052783614838102e-01,9.771856529661395729e-01
1.000000000000000194e-02,3.600000000000000000e+03,1.711000000000000000e+03,7.766643745864997982e+03,9.841305574402754441e-01,9.835071992752169034e-01
1.000000000000000194e-02,3.600000000000000000e+03,2.050000000000000000e+03,7.843648541485114947e+03,9.871409789277136859e-01,9.865586946432145510e-01
1.000000000000000194e-02,3.600000000000000000e+03,2.559000000000000000e+03,7.776746518481702878e+03,9.896836628953381565e-01,9.893267499380966612e-01
3.250000000000000805e-02,2.650000000000000000e+03,4.075000000000000000e+02,9.265997340114017788e+03,9.905928133734954733e-01,9.887386191386710044e-01
3.250000000000000805e-02,2.650000000000000000e+03,4.785000000000000000e+02,1.001396953352329183e+04,9.921331900798119330e-01,9.900191939045036582e-01
3.250000000000000805e-02,2.650000000000000000e+03,5.386000000000000227e+02,1.046262916331863744e+04,9.930916354440244564e-01,9.909042459456861573e-01
3.250000000000000805e-02,2.650000000000000000e+03,7.836999999999999318e+02,9.555908425942116082e+03,9.953829094880333184e-01,9.943645794562566698e-01
3.250000000000000805e-02,2.650000000000000000e+03,8.780000000000000000e+02,9.013113941696459733e+03,9.959022465195161988e-01,9.952231503610804442e-01
3.250000000000000805e-02,2.650000000000000000e+03,1.033000000000000000e+03,8.416564227208378725e+03,9.965355037051641940e-01,9.961919972053288053e-01
3.250000000000000805e-02,2.650000000000000000e+03,1.372000000000000000e+03,8.116912514162910156e+03,9.973857258453615593e-01,9.972133335748116778e-01
3.250000000000000805e-02,2.650000000000000000e+03,1.711000000000000000e+03,7.879410025767974730e+03,9.978692489386276065e-01,9.977870416046799029e-01
3.250000000000000805e-02,2.650000000000000000e+03,2.050000000000000000e+03,7.935360745255026814e+03,9.981751266285624480e-01,9.980940753471753135e-01
3.250000000000000805e-02,2.650000000000000000e+03,2.559000000000000000e+03,7.848165540097817939e+03,9.984640818116851113e-01,9.984123937058743126e-01
3.250000000000000805e-02,2.887500000000000000e+03,4.075000000000000000e+02,8.429197091920914318e+03,9.147352126087170410e-01,8.994469118864470980e-01
3.250000000000000805e-02,2.887500000000000000e+03,4.785000000000000000e+02,9.284449107908043516e+03,9.342719591111673383e-01,9.178960242377024459e-01
3.250000000000000805e-02,2.887500000000000000e+03,5.386000000000000227e+02,9.808646118920738445e+03,9.452253924550902964e-01,9.289662220174048635e-01
3.250000000000000805e-02,2.887500000000000000e+03,7.836999999999999318e+02,9.235150035992512130e+03,9.678418573380229706e-01,9.609872418644245240e-01
3.250000000000000805e-02,2.887500000000000000e+03,8.780000000000000000e+02,8.765091066126884471e+03,9.723007159555757672e-01,9.678365990334594215e-01
3.250000000000000805e-02,2.887500000000000000e+03,1.033000000000000000e+03,8.239446379999182682e+03,9.774198872902779556e-01,9.752281719211771671e-01
3.250000000000000805e-02,2.887500000000000000e+03,1.372000000000000000e+03,7.998826794686108769e+03,9.837610290613438835e-01,9.827057663487793748e-01
3.250000000000000805e-02,2.887500000000000000e+03,1.711000000000000000e+03,7.791171428068954810e+03,9.871051245319010237e-01,9.866131936813552494e-01
3.250000000000000805e-02,2.887500000000000000e+03,2.050000000000000000e+03,7.860259674071335212e+03,9.891263882333868329e-01,9.886480102460404318e-01
3.250000000000000805e-02,2.887500000000000000e+03,2.559000000000000000e+03,7.787303882686113866e+03,9.909713014561902789e-01,9.906698158065084803e-01
3.250000000000000805e-02,3.125000000000000000e+03,4.075000000000000000e+02,6.977716530200516900e+03,7.775786667164903410e-01,7.445650536660572971e-01
3.250000000000000805e-02,3.125000000000000000e+03,4.785000000000000000e+02,8.109168816552436510e+03,8.371424935321325478e-01,8.017033353380041971e-01
3.250000000000000805e-02,3.125000000000000000e+03,5.386000000000000227e+02,8.811301806658566420e+03,8.693478938265052358e-01,8.345088252900896286e-01
3.250000000000000805e-02,3.125000000000000000e+03,7.836999999999999318e+02,8.811250758263278840e+03,9.309250500334275147e-01,9.168773144516905171e-01
3.250000000000000805e-02,3.125000000000000000e+03,8.780000000000000000e+02,8.449493253804506821e+03,9.419994651819744158e-01,9.329884598599937906e-01
3.250000000000000805e-02,3.125000000000000000e+03,1.033000000000000000e+03,8.024974498742176365e+03,9.541752436299861806e-01,9.498430900794543330e-01
3.250000000000000805e-02,3.125000000000000000e+03,1.372000000000000000e+03,7.865747447175052912e+03,9.683769225338085818e-01,9.663561383923485737e-01
3.250000000000000805e-02,3.125000000000000000e+03,1.711000000000000000e+03,7.695637109187192436e+03,9.754408974994666082e-01,9.745154725198700296e-01
3.250000000000000805e-02,3.125000000000000000e+03,2.050000000000000000e+03,7.780932888782898772e+03,9.795605876973377812e-01,9.786704431316443076e-01
3.250000000000000805e-02,3.125000000000000000e+03,2.559000000000000000e+03,7.724377299638485056e+03,9.832203243604816789e-01,9.826645462836727241e-01
3.250000000000000805e-02,3.362500000000000000e+03,4.075000000000000000e+02,5.177808423408314411e+03,5.969015381586224578e-01,5.525038441962600855e-01
3.250000000000000805e-02,3.362500000000000000e+03,4.785000000000000000e+02,6.617661374922367941e+03,7.063880138508603634e-01,6.542472251389512827e-01
3.250000000000000805e-02,3.362500000000000000e+03,5.386000000000000227e+02,7.550187625811721773e+03,7.680649762609307318e-01,7.150700707555572855e-01
3.250000000000000805e-02,3.362500000000000000e+03,7.836999999999999318e+02,8.298624684176858864e+03,8.854712649821420145e-01,8.635346924992411966e-01
3.250000000000000805e-02,3.362500000000000000e+03,8.780000000000000000e+02,8.075773032821698507e+03,9.057217691888621580e-01,8.917224758631084880e-01
3.250000000000000805e-02,3.362500000000000000e+03,1.033000000000000000e+03,7.778885518831213631e+03,9.273713519731623389e-01,9.207157804350727393e-01
3.250000000000000805e-02,3.362500000000000000e+03,1.372000000000000000e+03,7.720645440751572096e+03,9.515673132636004450e-01,9.485294517942762793e-01
3.250000000000000805e-02,3.362500000000000000e+03,1.711000000000000000e+03,7.594493241776412106e+03,9.630803085302809263e-01,9.617074018762279408e-01
3.250000000000000805e-02,3.362500000000000000e+03,2.050000000000000000e+03,7.698484767696744711e+03,9.696097633648587122e-01,9.683002805364777643e-01
3.250000000000000805e-02,3.362500000000000000e+03,2.559000000000000000e+03,7.660006983016387494e+03,9.752873251935212373e-01,9.744756107198246919e-01
3.250000000000000805e-02,3.600000000000000000e+03,4.075000000000000000e+02,3.524758338939060195e+03,4.196282743625431855e-01,3.761132844008822640e-01
3.250000000000000805e-02,3.600000000000000000e+03,4.785000000000000000e+02,5.090738159413632275e+03,5.629894500562614423e-01,5.032897765556058056e-01
3.250000000000000805e-02,3.600000000000000000e+03,5.386000000000000227e+02,6.200373574343331711e+03,6.524460438346928459e-01,5.872306477999486019e-01
3.250000000000000805e-02,3.600000000000000000e+03,7.836999999999999318e+02,7.722968818625886342e+03,8.333405847817236811e-01,8.036333438104914517e-01
3.250000000000000805e-02,3.600000000000000000e+03,8.780000000000000000e+02,7.658506630946692894e+03,8.647005858003110612e-01,8.456481462029963314e-01
3.250000000000000805e-02,3.600000000000000000e+03,1.033000000000000000e+03,7.508393444055405780e+03,8.977447659272578262e-01,8.887000988665735290e-01
3.250000000000000805e-02,3.600000000000000000e+03,1.372000000000000000e+03,7.566426510077883904e+03,9.336606085077733264e-01,9.295826941830405143e-01
3.250000000000000805e-02,3.600000000000000000e+03,1.711000000000000000e+03,7.489218882802406370e+03,9.502023971272960390e-01,9.483762779908118112e-01
3.250000000000000805e-02,3.600000000000000000e+03,2.050000000000000000e+03,7.613829057265264055e+03,9.593833352479184118e-01,9.576524516930958741e-01
3.250000000000000805e-02,3.600000000000000000e+03,2.559000000000000000e+03,7.594683288362769417e+03,9.672324958034318465e-01,9.661653901961101409e-01
5.500000000000000722e-02,2.650000000000000000e+03,4.075000000000000000e+02,9.195089109750531861e+03,9.841831555603290926e-01,9.811722770384371239e-01
5.500000000000000722e-02,2.650000000000000000e+03,4.785000000000000000e+02,9.946272117519527455e+03,9.867590506187208232e-01,9.833263693460607691e-01
5.500000000000000722e-02,2.650000000000000000e+03,5.386000000000000227e+02,1.039824127021027380e+04,9.883645704515624519e-01,9.848061385127799827e-01
5.500000000000000722e-02,2.650000000000000000e+03,7.836999999999999318e+02,9.519233649953996064e+03,9.922113581934162152e-01,9.905482915036558644e-01
5.500000000000000722e-02,2.650000000000000000e+03,8.780000000000000000e+02,8.983686242004851010e+03,9.930849575908656801e-01,9.919737597304489896e-01
5.500000000000000722e-02,2.650000000000000000e+03,1.033000000000000000e+03,8.394584086999446299e+03,9.941510349978325278e-01,9.935904083405038278e-01
5.500000000000000722e-02,2.650000000000000000e+03,1.372000000000000000e+03,8.101364462850146992e+03,9.955838364736524504e-01,9.953031584862986891e-01
5.500000000000000722e-02,2.650000000000000000e+03,1.711000000000000000e+03,7.867406233052487551e+03,9.963994249240223366e-01,9.962669749014048115e-01
5.500000000000000722e-02,2.650000000000000000e+03,2.050000000000000000e+03,7.924949762189381545e+03,9.969156494439348482e-01,9.967846023629037822e-01
5.500000000000000722e-02,2.650000000000000000e+03,2.559000000000000000e+03,7.839584199083149542e+03,9.974035147505656562e-01,9.973207096454544951e-01
5.500000000000000722e-02,2.887500000000000000e+03,4.075000000000000000e+02,7.886182740870495763e+03,8.637485925379180252e-01,8.415039576719289816e-01
5.500000000000000722e-02,2.887500000000000000e+03,4.785000000000000000e+02,8.792175370865850709e+03,8.936091433559214536e-01,8.692279664115472038e-01
5.500000000000000722e-02,2.887500000000000000e+03,5.386000000000000227e+02,9.356196861014854221e+03,9.106911795630447948e-01,8.861152441479274167e-01
5.500000000000000722e-02,2.887500000000000000e+03,7.836999999999999318e+02,8.995234540330466189e+03,9.467637441108883722e-01,9.360222191459789398e-01
5.500000000000000722e-02,2.887500000000000000e+03,8.780000000000000000e+02,8.575942099184552717e+03,9.540062837023500775e-01,9.469508727477824461e-01
5.500000000000000722e-02,2.887500000000000000e+03,1.033000000000000000e+03,8.101454019100117875e+03,9.623756597672215030e-01,9.588952738534922693e-01
5.500000000000000722e-02,2.887500000000000000e+03,1.372000000000000000e+03,7.904677239323198592e+03,9.728241849832451882e-01,9.711389061917660159e-01
5.500000000000000722e-02,2.887500000000000000e+03,1.711000000000000000e+03,7.719918395572067311e+03,9.783709900164575535e-01,9.775902652808875493e-01
5.500000000000000722e-02,2.887500000000000000e+03,2.050000000000000000e+03,7.799233881350064621e+03,9.817359925134547805e-01,9.809723060009768458e-01
5.500000000000000722e-02,2.887500000000000000e+03,2.559000000000000000e+03,7.737528819760863371e+03,9.848155763300829868e-01,9.843376303463327037e-01
5.500000000000000722e-02,3.125000000000000000e+03,4.075000000000000000e+02,5.938907059668707916e+03,6.738210120241985290e-01,6.337177262018820478e-01
5.500000000000000722e-02,3.125000000000000000e+03,4.785000000000000000e+02,7.143217144292890225e+03,7.523202614819869405e-01,7.062056715274935836e-01
5.500000000000000722e-02,3.125000000000000000e+03,5.386000000000000227e+02,7.919112586276532966e+03,7.972366741800880341e-01,7.500105531193583808e-01
5.500000000000000722e-02,3.125000000000000000e+03,7.836999999999999318e+02,8.337453913082270446e+03,8.884389071461000764e-01,8.675751675802205742e-01
5.500000000000000722e-02,3.125000000000000000e+03,8.780000000000000000e+02,8.078275753542918210e+03,9.056344245096240586e-01,8.919988249270123237e-01
5.500000000000000722e-02,3.125000000000000000e+03,1.033000000000000000e+03,7.757437962520819383e+03,9.248350089598026402e-01,9.181772286722339471e-01
5.500000000000000722e-02,3.125000000000000000e+03,1.372000000000000000e+03,7.687620115668370090e+03,9.476305420443035255e-01,9.444720846043321849e-01
5.500000000000000722e-02,3.125000000000000000e+03,1.711000000000000000e+03,7.562753867338289638e+03,9.591332765718511011e-01,9.576881750027145257e-01
5.500000000000000722e-02,3.125000000000000000e+03,2.050000000000000000e+03,7.668196386922177226e+03,9.658928538117016460e-01,9.644906675430128251e-01
5.500000000000000722e-02,3.125000000000000000e+03,2.559000000000000000e+03,7.633143043716428110e+03,9.719297099378271243e-01,9.710580872484088077e-01
5.500000000000000722e-02,3.362500000000000000e+03,4.075000000000000000e+02,3.963311167125449629e+03,4.666690596143489578e-01,4.229095548771517610e-01
5.500000000000000722e-02,3.362500000000000000e+03,4.785000000000000000e+02,5.355036722436312630e+03,5.870570277632198852e-01,5.294193398060115241e-01
5.500000000000000722e-02,3.362500000000000000e+03,5.386000000000000227e+02,6.323577533564938676e+03,6.617995561199548904e-01,5.988991609818958839e-01
5.500000000000000722e-02,3.362500000000000000e+03,7.836999999999999318e+02,7.590467097142394778e+03,8.204208168993567529e-01,7.898455370748725946e-01
5.500000000000000722e-02,3.362500000000000000e+03,8.780000000000000000e+02,7.517589413321368738e+03,8.502277887728808548e-01,8.300881435033304889e-01
5.500000000000000722e-02,3.362500000000000000e+03,1.033000000000000000e+03,7.376738230751467199e+03,8.829741981070202694e-01,8.731172712016029847e-01
5.500000000000000722e-02,3.362500000000000000e+03,1.372000000000000000e+03,7.456333415179816257e+03,9.206960776948438507e-01,9.160570707424393611e-01
5.500000000000000722e-02,3.362500000000000000e+03,1.711000000000000000e+03,7.399144768528431996e+03,9.390776835244059040e-01,9.369699945618908954e-01
5.500000000000000722e-02,3.362500000000000000e+03,2.050000000000000000e+03,7.533872135686458932e+03,9.496301205408700374e-01,9.475956272748079501e-01
5.500000000000000722e-02,3.362500000000000000e+03,2.559000000000000000e+03,7.527533973013200921e+03,9.588820284457664211e-01,9.576229214712420612e-01
5.500000000000000722e-02,3.600000000000000000e+03,4.075000000000000000e+02,2.469661659878830051e+03,2.993504983764859184e-01,2.635280121177183132e-01
5.500000000000000722e-02,3.600000000000000000e+03,4.785000000000000000e+02,3.802672150075125955e+03,4.322223948168588126e-01,3.759466617206606021e-01
5.500000000000000722e-02,3.600000000000000000e+03,5.386000000000000227e+02,4.840243924859599247e+03,5.259056386412548356e-01,4.584142457587476183e-01
5.500000000000000722e-02,3.600000000000000000e+03,7.836999999999999318e+02,6.808890798426947185e+03,7.471363008651961124e-01,7.085166091547054901e-01
5.500000000000000722e-02,3.600000000000000000e+03,8.780000000000000000e+02,6.925476726205693012e+03,7.906420717717626001e-01,7.647073819095064895e-01
5.500000000000000722e-02,3.600000000000000000e+03,1.033000000000000000e+03,6.974628696798657074e+03,8.383931655794266691e-01,8.255232305800395132e-01
5.500000000000000722e-02,3.600000000000000000e+03,1.372000000000000000e+03,7.216452363257186335e+03,8.926630315180338338e-01,8.865861871975194708e-01
5.500000000000000722e-02,3.600000000000000000e+03,1.711000000000000000e+03,7.231817752687219581e+03,9.185356389164737179e-01,9.157810061007313207e-01
5.500000000000000722e-02,3.600000000000000000e+03,2.050000000000000000e+03,7.397892688257190457e+03,9.331440437768887541e-01,9.304923996831335753e-01
5.500000000000000722e-02,3.600000000000000000e+03,2.559000000000000000e+03,7.421552129805997538e+03,9.457773519464836021e-01,9.441403330593077792e-01
7.750000000000001332e-02,2.650000000000000000e+03,4.075000000000000000e+02,9.125936382635147311e+03,9.778559122134637960e-01,9.737932578775166936e-01
7.750000000000001332e-02,2.650000000000000000e+03,4.785000000000000000e+02,9.880343243629296921e+03,9.814428182508248000e-01,9.768083896013317613e-01
7.750000000000001332e-02,2.650000000000000000e+03,5.386000000000000227e+02,1.033555223559834485e+04,9.836822934419938713e-01,9.788689281231600647e-01
7.750000000000001332e-02,2.650000000000000000e+03,7.836999999999999318e+02,9.483234230794001633e+03,9.890599534967253748e-01,9.868022795393178725e-01
7.750000000000001332e-02,2.650000000000000000e+03,8.780000000000000000e+02,8.954694419634923179e+03,9.902835632484844330e-01,9.887724984371430992e-01
7.750000000000001332e-02,2.650000000000000000e+03,1.033000000000000000e+03,8.372851303488194390e+03,9.917779499672180199e-01,9.910180968335213780e-01
7.750000000000001332e-02,2.650000000000000000e+03,1.372000000000000000e+03,8.085949132956460744e+03,9.937884459921585423e-01,9.934092890520014318e-01
7.750000000000001332e-02,2.650000000000000000e+03,1.711000000000000000e+03,7.855484327854544972e+03,9.949339245322842418e-01,9.947572777947882861e-01
7.750000000000001332e-02,2.650000000000000000e+03,2.050000000000000000e+03,7.914607956582831321e+03,9.956593466196359543e-01,9.954838303834493418e-01
7.750000000000001332e-02,2.650000000000000000e+03,2.559000000000000000e+03,7.831053872060622780e+03,9.963451983642893639e-01,9.962355153821401688e-01
7.750000000000001332e-02,2.887500000000000000e+03,4.075000000000000000e+02,7.413289140328794019e+03,8.181457907433009602e-01,7.910433166381853898e-01
7.750000000000001332e-02,2.887500000000000000e+03,4.785000000000000000e+02,8.354924335027380948e+03,8.563382767397790252e-01,8.259996625320960018e-01
7.750000000000001332e-02,2.887500000000000000e+03,5.386000000000000227e+02,8.949335795819801206e+03,8.785914656104623077e-01,8.475818745026361123e-01
7.750000000000001332e-02,2.887500000000000000e+03,7.836999999999999318e+02,8.769887483339622122e+03,9.265841603309080687e-01,9.125731527078696503e-01
7.750000000000001332e-02,2.887500000000000000e+03,8.780000000000000000e+02,8.396271382821174484e+03,9.363875790701874369e-01,9.271117297475401919e-01
7.750000000000001332e-02,2.887500000000000000e+03,1.033000000000000000e+03,7.968807244604025982e+03,9.477875268845404877e-01,9.431950841275076325e-01
7.750000000000001332e-02,2.887500000000000000e+03,1.372000000000000000e+03,7.813149063078617473e+03,9.621278452062388409e-01,9.598940988109272432e-01
7.750000000000001332e-02,2.887500000000000000e+03,1.711000000000000000e+03,7.650220056194534664e+03,9.697900631699040153e-01,9.687642110934753248e-01
7.750000000000001332e-02,2.887500000000000000e+03,2.050000000000000000e+03,7.739389260002282754e+03,9.744552145135182419e-01,9.734451671693449271e-01
7.750000000000001332e-02,2.887500000000000000e+03,2.559000000000000000e+03,7.688570247437520266e+03,9.787358554658560639e-01,9.781093155718763033e-01
7.750000000000001332e-02,3.125000000000000000e+03,4.075000000000000000e+02,5.175888825877605996e+03,5.944936472127013705e-01,5.522990113928232248e-01
7.750000000000001332e-02,3.125000000000000000e+03,4.785000000000000000e+02,6.391708753739955682e+03,6.831055919563724377e-01,6.319086878451478650e-01
7.750000000000001332e-02,3.125000000000000000e+03,5.386000000000000227e+02,7.200531227620321260e+03,7.361721966055840838e-01,6.819544929995703386e-01
7.750000000000001332e-02,3.125000000000000000e+03,7.836999999999999318e+02,7.916410907038651203e+03,8.496615203334303423e-01,8.237624568492379895e-01
7.750000000000001332e-02,3.125000000000000000e+03,8.780000000000000000e+02,7.741034963256954143e+03,8.719727038681795994e-01,8.547608798716450629e-01
7.750000000000001332e-02,3.125000000000000000e+03,1.033000000000000000e+03,7.508639855273057947e+03,8.972453301059634123e-01,8.887292643165624062e-01
7.750000000000001332e-02,3.125000000000000000e+03,1.372000000000000000e+03,7.518170933267453620e+03,9.277544520476010970e-01,9.236541955660183545e-01
7.750000000000001332e-02,3.125000000000000000e+03,1.711000000000000000e+03,7.434860978406843060e+03,9.433619579333288874e-01,9.414928168639881134e-01
7.750000000000001332e-02,3.125000000000000000e+03,2.050000000000000000e+03,7.559116217231598057e+03,9.526012810674853171e-01,9.507707782271891395e-01
7.750000000000001332e-02,3.125000000000000000e+03,2.559000000000000000e+03,7.544371053116338771e+03,9.608954586562297173e-01,9.597648678105367148e-01
7.750000000000001332e-02,3.362500000000000000e+03,4.075000000000000000e+02,3.216289648614312227e+03,3.830868493237600259e-01,3.431977874798079475e-01
7.750000000000001332e-02,3.362500000000000000e+03,4.785000000000000000e+02,4.506374609104413139e+03,5.022169138529405386e-01,4.455173688118448383e-01
7.750000000000001332e-02,3.362500000000000000e+03,5.386000000000000227e+02,5.450800013856671285e+03,5.813649650664932667e-01,5.162393499014323872e-01
7.750000000000001332e-02,3.362500000000000000e+03,7.836999999999999318e+02,6.999661811533442233e+03,7.642740282229970594e-01,7.283677765963170181e-01
7.750000000000001332e-02,3.362500000000000000e+03,8.780000000000000000e+02,7.035392313803124125e+03,8.011414891791819315e-01,7.768442014449216115e-01
7.750000000000001332e-02,3.362500000000000000e+03,1.033000000000000000e+03,7.016227824186760699e+03,8.426337866843092161e-01,8.304469401456110456e-01
7.750000000000001332e-02,3.362500000000000000e+03,1.372000000000000000e+03,7.210650761624970073e+03,8.917649801360918449e-01,8.858734242481047794e-01
7.750000000000001332e-02,3.362500000000000000e+03,1.711000000000000000e+03,7.214280840442066619e+03,9.162423890185298347e-01,9.135602682877798086e-01
7.750000000000001332e-02,3.362500000000000000e+03,2.050000000000000000e+03,7.376775682951252747e+03,9.304572489391230716e-01,9.278363442671861971e-01
7.750000000000001332e-02,3.362500000000000000e+03,2.559000000000000000e+03,7.400039678515990090e+03,9.430195082709684762e-01,9.414036046000008318e-01
7.750000000000001332e-02,3.600000000000000000e+03,4.075000000000000000e+02,1.905003020961637503e+03,2.326625770950071781e-01,2.032754799363485632e-01
7.750000000000001332e-02,3.600000000000000000e+03,4.785000000000000000e+02,3.042760743116046342e+03,3.507522401627624631e-01,3.008189238103407548e-01
7.750000000000001332e-02,3.600000000000000000e+03,5.386000000000000227e+02,3.979807102484689494e+03,4.404762801585695997e-01,3.769232087210865334e-01
7.750000000000001332e-02,3.600000000000000000e+03,7.836999999999999318e+02,6.095317129011901670e+03,6.770947487924799946e-01,6.342638693761747382e-01
7.750000000000001332e-02,3.600000000000000000e+03,8.780000000000000000e+02,6.325144897501355445e+03,7.282684798944167870e-01,6.984190671616842261e-01
7.750000000000001332e-02,3.600000000000000000e+03,1.033000000000000000e+03,6.514350556474090808e+03,7.864026055363630974e-01,7.710443021833902622e-01
7.750000000000001332e-02,3.600000000000000000e+03,1.372000000000000000e+03,6.898867589166135076e+03,8.551144612550405366e-01,8.475689166884012860e-01
7.750000000000001332e-02,3.600000000000000000e+03,1.711000000000000000e+03,6.992404397046403574e+03,8.889114819425488756e-01,8.854635657004628069e-01
7.750000000000001332e-02,3.600000000000000000e+03,2.050000000000000000e+03,7.194668518041402422e+03,9.083018395849802307e-01,9.049312630478507646e-01
7.750000000000001332e-02,3.600000000000000000e+03,2.559000000000000000e+03,7.256748748816988154e+03,9.252533883318218022e-01,9.231747026500889408e-01
1.000000000000000056e-01,2.650000000000000000e+03,4.075000000000000000e+02,9.058442236002161735e+03,9.716095039762846497e-01,9.665912194036938576e-01
1.000000000000000056e-01,2.650000000000000000e+03,4.785000000000000000e+02,9.816111096542346786e+03,9.761835620561569726e-01,9.704581547350384918e-01
1.000000000000000056e-01,2.650000000000000000e+03,5.386000000000000227e+02,1.027449880794462115e+04,9.790441708810303512e-01,9.730866242923298381e-01
1.000000000000000056e-01,2.650000000000000000e+03,7.836999999999999318e+02,9.447888238144130810e+03,9.859285040403397149e-01,9.831242615477120417e-01
1.000000000000000056e-01,2.650000000000000000e+03,8.780000000000000000e+02,8.926124203134322670e+03,9.874979293595852470e-01,9.856177906351385465e-01
1.000000000000000056e-01,2.650000000000000000e+03,1.033000000000000000e+03,8.351355899710588346e+03,9.894161672873430513e-01,9.884738818020808448e-01
1.000000000000000056e-01,2.650000000000000000e+03,1.372000000000000000e+03,8.070659983442585144e+03,9.919995193047640436e-01,9.915309216644445645e-01
1.000000000000000056e-01,2.650000000000000000e+03,1.711000000000000000e+03,7.843639199390128852e+03,9.934727287139283325e-01,9.932573030949966020e-01
1.000000000000000056e-01,2.650000000000000000e+03,2.050000000000000000e+03,7.904330994081276913e+03,9.944062061698811794e-01,9.941912142422739684e-01
1.000000000000000056e-01,2.650000000000000000e+03,2.559000000000000000e+03,7.822570940835049441e+03,9.952891254960695155e-01,9.951563506235358014e-01
1.000000000000000056e-01,2.887500000000000000e+03,4.075000000000000000e+02,6.997567240787150695e+03,7.771168325573925006e-01,7.466832459613842454e-01
1.000000000000000056e-01,2.887500000000000000e+03,4.785000000000000000e+02,7.963939330411062656e+03,8.220519354833765169e-01,7.873453948310431549e-01
1.000000000000000056e-01,2.887500000000000000e+03,5.386000000000000227e+02,8.581521350683684432e+03,8.486775844717613371e-01,8.127465678396281756e-01
1.000000000000000056e-01,2.887500000000000000e+03,7.836999999999999318e+02,8.557800752192701111e+03,9.072468505287037965e-01,8.905039235121776642e-01
1.000000000000000056e-01,2.887500000000000000e+03,8.780000000000000000e+02,8.225356510005998643e+03,9.194078426750348365e-01,9.082394022404204348e-01
1.000000000000000056e-01,2.887500000000000000e+03,1.033000000000000000e+03,7.841167218729628075e+03,9.336350572733208564e-01,9.280874976032934542e-01
1.000000000000000056e-01,2.887500000000000000e+03,1.372000000000000000e+03,7.724106319220381010e+03,9.516641628710341694e-01,9.489546423022380273e-01
1.000000000000000056e-01,2.887500000000000000e+03,1.711000000000000000e+03,7.582001633568147554e+03,9.613583478589639020e-01,9.601255620229586230e-01
1.000000000000000056e-01,2.887500000000000000e+03,2.050000000000000000e+03,7.680671138752703882e+03,9.672816333374673059e-01,9.660597173056112430e-01
1.000000000000000056e-01,2.887500000000000000e+03,2.559000000000000000e+03,7.640390358173432105e+03,9.727307398720176357e-01,9.719800617579916757e-01
1.000000000000000056e-01,3.125000000000000000e+03,4.075000000000000000e+02,4.591451898829479433e+03,5.318770156417783612e-01,4.899360148353363309e-01
1.000000000000000056e-01,3.125000000000000000e+03,4.785000000000000000e+02,5.790338944336004715e+03,6.255536534887404798e-01,5.724549765120425793e-01
1.000000000000000056e-01,3.125000000000000000e+03,5.386000000000000227e+02,6.609405901875087693e+03,6.837966749152110113e-01,6.259696553432211319e-01
1.000000000000000056e-01,3.125000000000000000e+03,7.836999999999999318e+02,7.539740634314395720e+03,8.141275746419242010e-01,7.845670647801473718e-01
1.000000000000000056e-01,3.125000000000000000e+03,8.780000000000000000e+02,7.433261955336445681e+03,8.407236651958713836e-01,8.207767513540040749e-01
1.000000000000000056e-01,3.125000000000000000e+03,1.033000000000000000e+03,7.276617022663800526e+03,8.712540776453026048e-01,8.612668363264038840e-01
1.000000000000000056e-01,3.125000000000000000e+03,1.372000000000000000e+03,7.356730601965955429e+03,9.086950157884003954e-01,9.038202438424186580e-01
1.000000000000000056e-01,3.125000000000000000e+03,1.711000000000000000e+03,7.311638700596035051e+03,9.281009138238629497e-01,9.258889084959053273e-01
1.000000000000000056e-01,3.125000000000000000e+03,2.050000000000000000e+03,7.453480328817985537e+03,9.396705512885438205e-01,9.374841038396753978e-01
1.000000000000000056e-01,3.125000000000000000e+03,2.559000000000000000e+03,7.457931063406086651e+03,9.501089371107142023e-01,9.487683162472974052e-01
1.000000000000000056e-01,3.362500000000000000e+03,4.075000000000000000e+02,2.710192095398578203e+03,3.248966236014835807e-01,2.891940815053113401e-01
1.000000000000000056e-01,3.362500000000000000e+03,4.785000000000000000e+02,3.896737778527947739e+03,4.388022369087464236e-01,3.852463482578751264e-01
1.000000000000000056e-01,3.362500000000000000e+03,5.386000000000000227e+02,4.798081359461803004e+03,5.183634804325508716e-01,4.544210749772470970e-01
1.000000000000000056e-01,3.362500000000000000e+03,7.836999999999999318e+02,6.499224868870778664e+03,7.153199805482792772e-01,6.762935260013429595e-01
1.000000000000000056e-01,3.362500000000000000e+03,8.780000000000000000e+02,6.614589573023965386e+03,7.574136396286234030e-01,7.303793911620521939e-01
1.000000000000000056e-01,3.362500000000000000e+03,1.033000000000000000e+03,6.691121944791933856e+03,8.058183899791329097e-01,7.919671202862730297e-01
1.000000000000000056e-01,3.362500000000000000e+03,1.372000000000000000e+03,6.981624499218352867e+03,8.645966973487904106e-01,8.577361193046085797e-01
1.000000000000000056e-01,3.362500000000000000e+03,1.711000000000000000e+03,7.039017621780607442e+03,8.944912896260993618e-01,8.913663009883959765e-01
1.000000000000000056e-01,3.362500000000000000e+03,2.050000000000000000e+03,7.226639853750826660e+03,9.120432499016402073e-01,9.089525548046990533e-01
1.000000000000000056e-01,3.362500000000000000e+03,2.559000000000000000e+03,7.277203490805850379e+03,9.276732660207853698e-01,9.257768735405211835e-01
1.000000000000000056e-01,3.600000000000000000e+03,4.075000000000000000e+02,1.553176515410425964e+03,1.902741752410265219e-01,1.657334388039680417e-01
1.000000000000000056e-01,3.600000000000000000e+03,4.785000000000000000e+02,2.541405367409765859e+03,2.951239479464147220e-01,2.512530205733867206e-01
1.000000000000000056e-01,3.600000000000000000e+03,5.386000000000000227e+02,3.386452354267932606e+03,3.789231117356645084e-01,3.207272248835475459e-01
1.000000000000000056e-01,3.600000000000000000e+03,7.836999999999999318e+02,5.522745999789080088e+03,6.190599318487632896e-01,5.746835108439807271e-01
1.000000000000000056e-01,3.600000000000000000e+03,8.780000000000000000e+02,5.824393605692978781e+03,6.750165609932476940e-01,6.431263812592677986e-01
1.000000000000000056e-01,3.600000000000000000e+03,1.033000000000000000e+03,6.113258151356660164e+03,7.404836262192422414e-01,7.235706498317405755e-01
1.000000000000000056e-01,3.600000000000000000e+03,1.372000000000000000e+03,6.609286545457337525e+03,8.205972338093062701e-01,8.119920791368012702e-01
1.000000000000000056e-01,3.600000000000000000e+03,1.711000000000000000e+03,6.769078777479231576e+03,8.611384700608744058e-01,8.571833507435386856e-01
1.000000000000000056e-01,3.600000000000000000e+03,2.050000000000000000e+03,7.002999796124508975e+03,8.847480361617071631e-01,8.808235479841081128e-01
1.000000000000000056e-01,3.600000000000000000e+03,2.559000000000000000e+03,7.099628986636741502e+03,9.056012709532615945e-01,9.031865516541146555e-01
