f_spot,tempSpot,wavelength,D_lambda,epsilon_Rackham,epsilon_ourWork
0.000000000000000000e+00,nan,5.302999999999999545e+02,2.756635736619550244e+03,nan,nan
0.000000000000000000e+00,nan,6.660000000000000000e+02,2.738967657865076944e+03,nan,nan
0.000000000000000000e+00,nan,7.320000000000000000e+02,2.604752900942641645e+03,nan,nan
0.000000000000000000e+00,nan,9.296999999999999318e+02,2.528053028186372103e+03,nan,nan
0.000000000000000000e+00,nan,9.956000000000000227e+02,2.506903470432808717e+03,nan,nan
0.000000000000000000e+00,nan,1.128000000000000000e+03,2.475405175089928434e+03,nan,nan
0.000000000000000000e+00,nan,1.325000000000000000e+03,2.466667608039818788e+03,nan,nan
0.000000000000000000e+00,nan,1.589000000000000000e+03,2.481625457810943317e+03,nan,nan
0.000000000000000000e+00,nan,1.984000000000000000e+03,2.474398366809627078e+03,nan,nan
0.000000000000000000e+00,nan,2.380000000000000000e+03,2.453558879180417534e+03,nan,nan
0.000000000000000000e+00,nan,2.578000000000000000e+03,2.443142947025966805e+03,nan,nan
1.000000000000000194e-02,1.757599999999999909e+03,5.302999999999999545e+02,2.788645056074900822e+03,1.010091342295042161e+00,1.011611733472846719e+00
1.000000000000000194e-02,1.757599999999999909e+03,6.660000000000000000e+02,2.770460037044952969e+03,1.010061115841109247e+00,1.011497901075773642e+00
1.000000000000000194e-02,1.757599999999999909e+03,7.320000000000000000e+02,2.632794317668607619e+03,1.010035315534971945e+00,1.010765480562788809e+00
1.000000000000000194e-02,1.757599999999999909e+03,9.296999999999999318e+02,2.553958961344360432e+03,1.009910126891257809e+00,1.010247385188978164e+00
1.000000000000000194e-02,1.757599999999999909e+03,9.956000000000000227e+02,2.532195332387798771e+03,1.009853478653151670e+00,1.010088885453026109e+00
1.000000000000000194e-02,1.757599999999999909e+03,1.128000000000000000e+03,2.499670409655818730e+03,1.009721332457225840e+00,1.009802530434238399e+00
1.000000000000000194e-02,1.757599999999999909e+03,1.325000000000000000e+03,2.490175442896980258e+03,1.009492114742966073e+00,1.009530199683386753e+00
1.000000000000000194e-02,1.757599999999999909e+03,1.589000000000000000e+03,2.504595527100805612e+03,1.009155919561021353e+00,1.009256058047584892e+00
1.000000000000000194e-02,1.757599999999999909e+03,1.984000000000000000e+03,2.495991749947745575e+03,1.008656981243930773e+00,1.008726720574892655e+00
1.000000000000000194e-02,1.757599999999999909e+03,2.380000000000000000e+03,2.473645747282149387e+03,1.008207407549140511e+00,1.008186829455032907e+00
1.000000000000000194e-02,1.757599999999999909e+03,2.578000000000000000e+03,2.462564086579632658e+03,1.008006585134852084e+00,1.007949244057662286e+00
1.000000000000000194e-02,2.105699999999999818e+03,5.302999999999999545e+02,2.788281260010183814e+03,1.009976821410020875e+00,1.011479762440227415e+00
1.000000000000000194e-02,2.105699999999999818e+03,6.660000000000000000e+02,2.769630420827007129e+03,1.009796438460259793e+00,1.011195007313752114e+00
1.000000000000000194e-02,2.105699999999999818e+03,7.320000000000000000e+02,2.631810511627419146e+03,1.009683481596742372e+00,1.010387784067726891e+00
1.000000000000000194e-02,2.105699999999999818e+03,9.296999999999999318e+02,2.552317053019392915e+03,1.009282223163236791e+00,1.009597909759997414e+00
1.000000000000000194e-02,2.105699999999999818e+03,9.956000000000000227e+02,2.530354891320918341e+03,1.009136614553967304e+00,1.009354736297070509e+00
1.000000000000000194e-02,2.105699999999999818e+03,1.128000000000000000e+03,2.497468189491147768e+03,1.008839125893775224e+00,1.008912890149556096e+00
1.000000000000000194e-02,2.105699999999999818e+03,1.325000000000000000e+03,2.487482833610999023e+03,1.008404915400932911e+00,1.008438601740800244e+00
1.000000000000000194e-02,2.105699999999999818e+03,1.589000000000000000e+03,2.501370904506861280e+03,1.007870687614779381e+00,1.007956658662478189e+00
1.000000000000000194e-02,2.105699999999999818e+03,1.984000000000000000e+03,2.492360893477374248e+03,1.007201421988781931e+00,1.007259351165393557e+00
1.000000000000000194e-02,2.105699999999999818e+03,2.380000000000000000e+03,2.469894415228823618e+03,1.006674604036378540e+00,1.006657894451615132e+00
1.000000000000000194e-02,2.105699999999999818e+03,2.578000000000000000e+03,2.458802276205651651e+03,1.006455664992449650e+00,1.006409501825812791e+00
1.000000000000000194e-02,2.453800000000000182e+03,5.302999999999999545e+02,2.786221341133265923e+03,1.009328297115450024e+00,1.010732504161030887e+00
1.000000000000000194e-02,2.453800000000000182e+03,6.660000000000000000e+02,2.766494400920027601e+03,1.008795756443630509e+00,1.010050043116028196e+00
1.000000000000000194e-02,2.453800000000000182e+03,7.320000000000000000e+02,2.628590676820086173e+03,1.008531862467545226e+00,1.009151645773699979e+00
1.000000000000000194e-02,2.453800000000000182e+03,9.296999999999999318e+02,2.548383930221609262e+03,1.007777997951410986e+00,1.008042118503274631e+00
1.000000000000000194e-02,2.453800000000000182e+03,9.956000000000000227e+02,2.526272115443872735e+03,1.007546259253224274e+00,1.007726123179254252e+00
1.000000000000000194e-02,2.453800000000000182e+03,1.128000000000000000e+03,2.493165287834275659e+03,1.007115351874498854e+00,1.007174628591338328e+00
1.000000000000000194e-02,2.453800000000000182e+03,1.325000000000000000e+03,2.482911512456164928e+03,1.006559123925611976e+00,1.006585364142051908e+00
1.000000000000000194e-02,2.453800000000000182e+03,1.589000000000000000e+03,2.496564496253572543e+03,1.005954939782330637e+00,1.006019860247487463e+00
1.000000000000000194e-02,2.453800000000000182e+03,1.984000000000000000e+03,2.487574605881670777e+03,1.005282614953194376e+00,1.005325027387983905e+00
1.000000000000000194e-02,2.453800000000000182e+03,2.380000000000000000e+03,2.465308531136578495e+03,1.004800816375747141e+00,1.004788820050687370e+00
1.000000000000000194e-02,2.453800000000000182e+03,2.578000000000000000e+03,2.454326124542993512e+03,1.004610280569071090e+00,1.004577373391368766e+00
1.000000000000000194e-02,2.801900000000000091e+03,5.302999999999999545e+02,2.778999410735782931e+03,1.007053625303121480e+00,1.008112669301623798e+00
1.000000000000000194e-02,2.801900000000000091e+03,6.660000000000000000e+02,2.758397801660983532e+03,1.006210878594340219e+00,1.007093966129943841e+00
1.000000000000000194e-02,2.801900000000000091e+03,7.320000000000000000e+02,2.621130802846538700e+03,1.005862999512357137e+00,1.006287698882289305e+00
1.000000000000000194e-02,2.801900000000000091e+03,9.296999999999999318e+02,2.541164233913151293e+03,1.005016423788783531e+00,1.005186285881109587e+00
1.000000000000000194e-02,2.801900000000000091e+03,9.956000000000000227e+02,2.519190709348251403e+03,1.004787569880191356e+00,1.004901361005863247e+00
1.000000000000000194e-02,2.801900000000000091e+03,1.128000000000000000e+03,2.486364295652743294e+03,1.004390724183779060e+00,1.004427202735575175e+00
1.000000000000000194e-02,2.801900000000000091e+03,1.325000000000000000e+03,2.476383047677166360e+03,1.003923037130496798e+00,1.003938690241717779e+00
1.000000000000000194e-02,2.801900000000000091e+03,1.589000000000000000e+03,2.490304198669357447e+03,1.003459578540574881e+00,1.003497200123853350e+00
1.000000000000000194e-02,2.801900000000000091e+03,1.984000000000000000e+03,2.481847254352964683e+03,1.002986461161042397e+00,1.003010383309031139e+00
1.000000000000000194e-02,2.801900000000000091e+03,2.380000000000000000e+03,2.460092774084321263e+03,1.002669684473921352e+00,1.002663027555338759e+00
1.000000000000000194e-02,2.801900000000000091e+03,2.578000000000000000e+03,2.449325662281398763e+03,1.002548795678311233e+00,1.002530639995076189e+00
1.000000000000000194e-02,3.150000000000000000e+03,5.302999999999999545e+02,2.760632090788029018e+03,1.001261560460711131e+00,1.001449721526638692e+00
1.000000000000000194e-02,3.150000000000000000e+03,6.660000000000000000e+02,2.742152356806304397e+03,1.001018741330699457e+00,1.001162736964813060e+00
1.000000000000000194e-02,3.150000000000000000e+03,7.320000000000000000e+02,2.607355618706841597e+03,1.000932057831943389e+00,1.000999218683376046e+00
1.000000000000000194e-02,3.150000000000000000e+03,9.296999999999999318e+02,2.530000656911446185e+03,1.000745281344328719e+00,1.000770406594861495e+00
1.000000000000000194e-02,3.150000000000000000e+03,9.956000000000000227e+02,2.508698953210708623e+03,1.000699655191508164e+00,1.000716215362528416e+00
1.000000000000000194e-02,3.150000000000000000e+03,1.128000000000000000e+03,2.476964197902775595e+03,1.000624635194341971e+00,1.000629805103639525e+00
1.000000000000000194e-02,3.150000000000000000e+03,1.325000000000000000e+03,2.468010201355785739e+03,1.000542138533139003e+00,1.000544294379830834e+00
1.000000000000000194e-02,3.150000000000000000e+03,1.589000000000000000e+03,2.482794114775921571e+03,1.000465873079792400e+00,1.000470923991088057e+00
1.000000000000000194e-02,3.150000000000000000e+03,1.984000000000000000e+03,2.475378305946685032e+03,1.000392892332376826e+00,1.000396031273784514e+00
1.000000000000000194e-02,3.150000000000000000e+03,2.380000000000000000e+03,2.454406788017226972e+03,1.000346445115839256e+00,1.000345583243998915e+00
1.000000000000000194e-02,3.150000000000000000e+03,2.578000000000000000e+03,2.443941472784038979e+03,1.000329183351473583e+00,1.000326843649915975e+00
3.250000000000000805e-02,1.757599999999999909e+03,5.302999999999999545e+02,2.863111273750273995e+03,1.033558833223313878e+00,1.038625174779637117e+00
3.250000000000000805e-02,1.757599999999999909e+03,6.660000000000000000e+02,2.843700873000121192e+03,1.033455986739475252e+00,1.038238208046852185e+00
3.250000000000000805e-02,1.757599999999999909e+03,7.320000000000000000e+02,2.697974249924350715e+03,1.033368211688198368e+00,1.035788941418578579e+00
3.250000000000000805e-02,1.757599999999999909e+03,9.296999999999999318e+02,2.614132700929583280e+03,1.032942456219386296e+00,1.034049789218608684e+00
3.250000000000000805e-02,1.757599999999999909e+03,9.956000000000000227e+02,2.590924760146440349e+03,1.032749881197097652e+00,1.033515965295275452e+00
3.250000000000000805e-02,1.757599999999999909e+03,1.128000000000000000e+03,2.555984896658758316e+03,1.032300846845359610e+00,1.032552134244408171e+00
3.250000000000000805e-02,1.757599999999999909e+03,1.325000000000000000e+03,2.544689589079607231e+03,1.031522609422317105e+00,1.031630520782567118e+00
3.250000000000000805e-02,1.757599999999999909e+03,1.589000000000000000e+03,2.557807927347166697e+03,1.030382645963937360e+00,1.030698617027979935e+00
3.250000000000000805e-02,1.757599999999999909e+03,1.984000000000000000e+03,2.545927680031701129e+03,1.028694098659056921e+00,1.028907759632213370e+00
3.250000000000000805e-02,1.757599999999999909e+03,2.380000000000000000e+03,2.520029721855054959e+03,1.027175923259566304e+00,1.027091602829943495e+00
3.250000000000000805e-02,1.757599999999999909e+03,2.578000000000000000e+03,2.507379191471037302e+03,1.026498772208496169e+00,1.026292462552494067e+00
3.250000000000000805e-02,2.105699999999999818e+03,5.302999999999999545e+02,2.861869207986922447e+03,1.033169247821666303e+00,1.038174601732624769e+00
3.250000000000000805e-02,2.105699999999999818e+03,6.660000000000000000e+02,2.840870876681611662e+03,1.032556024448388232e+00,1.037204973386200768e+00
3.250000000000000805e-02,2.105699999999999818e+03,7.320000000000000000e+02,2.694625607835288065e+03,1.032172279460596753e+00,1.034503352260447429e+00
3.250000000000000805e-02,2.105699999999999818e+03,9.296999999999999318e+02,2.608556788483040691e+03,1.030810706960627154e+00,1.031844173915300367e+00
3.250000000000000805e-02,2.105699999999999818e+03,9.956000000000000227e+02,2.584679425630453807e+03,1.030317240415429492e+00,1.031024710809554046e+00
3.250000000000000805e-02,2.105699999999999818e+03,1.128000000000000000e+03,2.548522291296317690e+03,1.029310078980413934e+00,1.029537433686480430e+00
3.250000000000000805e-02,2.105699999999999818e+03,1.325000000000000000e+03,2.535580081090116437e+03,1.027842506351509533e+00,1.027937478412448202e+00
3.250000000000000805e-02,2.105699999999999818e+03,1.589000000000000000e+03,2.546918411460707830e+03,1.026040894170286322e+00,1.026310559252305410e+00
3.250000000000000805e-02,2.105699999999999818e+03,1.984000000000000000e+03,2.533700766504276544e+03,1.023790097153239209e+00,1.023966391382286290e+00
3.250000000000000805e-02,2.105699999999999818e+03,2.380000000000000000e+03,2.507427288109376150e+03,1.022023204499941107e+00,1.021955213459948775e+00
3.250000000000000805e-02,2.105699999999999818e+03,2.578000000000000000e+03,2.494754911654628813e+03,1.021290155983460624e+00,1.021125233253948217e+00
3.250000000000000805e-02,2.453800000000000182e+03,5.302999999999999545e+02,2.854850462693514601e+03,1.030966920044801505e+00,1.035628474509441288e+00
3.250000000000000805e-02,2.453800000000000182e+03,6.660000000000000000e+02,2.830208743567763577e+03,1.029163364609202436e+00,1.033312217265758282e+00
3.250000000000000805e-02,2.453800000000000182e+03,7.320000000000000000e+02,2.683706578382128100e+03,1.028271267798970712e+00,1.030311388619977508e+00
3.250000000000000805e-02,2.453800000000000182e+03,9.296999999999999318e+02,2.595267306022108642e+03,1.025728759376970389e+00,1.026587368653400389e+00
3.250000000000000805e-02,2.453800000000000182e+03,9.956000000000000227e+02,2.570899820960481520e+03,1.024948952923405709e+00,1.025528047362997963e+00
3.250000000000000805e-02,2.453800000000000182e+03,1.128000000000000000e+03,2.534028697569357064e+03,1.023501136009476342e+00,1.023682394732530643e+00
3.250000000000000805e-02,2.453800000000000182e+03,1.325000000000000000e+03,2.520218518203831536e+03,1.021636464322547067e+00,1.021709820159582893e+00
3.250000000000000805e-02,2.453800000000000182e+03,1.589000000000000000e+03,2.530806902051985162e+03,1.019616386695997967e+00,1.019818238117377041e+00
3.250000000000000805e-02,2.453800000000000182e+03,1.984000000000000000e+03,2.517707660392720754e+03,1.017375016016579536e+00,1.017502959169397814e+00
3.250000000000000805e-02,2.453800000000000182e+03,2.380000000000000000e+03,2.492140191087788480e+03,1.015773030927818343e+00,1.015724632587687637e+00
3.250000000000000805e-02,2.453800000000000182e+03,2.578000000000000000e+03,2.479848438596276992e+03,1.015140465889802224e+00,1.015023882092118912e+00
3.250000000000000805e-02,2.801900000000000091e+03,5.302999999999999545e+02,2.830432255705117768e+03,1.023293972887424852e+00,1.026770500761215565e+00
3.250000000000000805e-02,2.801900000000000091e+03,6.660000000000000000e+02,2.802938132243193650e+03,1.020471432997859917e+00,1.023355688116441398e+00
3.250000000000000805e-02,2.801900000000000091e+03,7.320000000000000000e+02,2.658644922298725305e+03,1.019309474149586947e+00,1.020689878620187230e+00
3.250000000000000805e-02,2.801900000000000091e+03,9.296999999999999318e+02,2.571117535126732491e+03,1.016489493459874716e+00,1.017034653332115735e+00
3.250000000000000805e-02,2.801900000000000091e+03,9.956000000000000227e+02,2.547241466215988112e+03,1.015729035791117507e+00,1.016090765463823375e+00
3.250000000000000805e-02,2.801900000000000091e+03,1.128000000000000000e+03,2.511353992840970022e+03,1.014412233921328621e+00,1.014522397429235223e+00
3.250000000000000805e-02,2.801900000000000091e+03,1.325000000000000000e+03,2.498504023498382594e+03,1.012863413887300723e+00,1.012906649989968821e+00
3.250000000000000805e-02,2.801900000000000091e+03,1.589000000000000000e+03,2.510033827263113835e+03,1.011331837868879813e+00,1.011447484697078236e+00
3.250000000000000805e-02,2.801900000000000091e+03,1.984000000000000000e+03,2.498754050552443005e+03,1.009771659809009847e+00,1.009843072994838442e+00
3.250000000000000805e-02,2.801900000000000091e+03,2.380000000000000000e+03,2.474910505334881691e+03,1.008728907253625406e+00,1.008702308444946016e+00
3.250000000000000805e-02,2.801900000000000091e+03,2.578000000000000000e+03,2.463341970627697265e+03,1.008331364583110235e+00,1.008267638873246774e+00
3.250000000000000805e-02,3.150000000000000000e+03,5.302999999999999545e+02,2.769625609935433204e+03,1.004111742724413947e+00,1.004712219733395973e+00
3.250000000000000805e-02,3.150000000000000000e+03,6.660000000000000000e+02,2.749313073474146677e+03,1.003318515920754495e+00,1.003777122223171281e+00
3.250000000000000805e-02,3.150000000000000000e+03,7.320000000000000000e+02,2.613215359852705205e+03,1.003035553905347710e+00,1.003248852859325302e+00
3.250000000000000805e-02,3.150000000000000000e+03,9.296999999999999318e+02,2.534386561299118057e+03,1.002426232877795087e+00,1.002505300736230787e+00
3.250000000000000805e-02,3.150000000000000000e+03,9.956000000000000227e+02,2.512742378036003629e+03,1.002277464612264968e+00,1.002329131405361506e+00
3.250000000000000805e-02,3.150000000000000000e+03,1.128000000000000000e+03,2.480475472231735694e+03,1.002032921508835495e+00,1.002048269589491669e+00
3.250000000000000805e-02,3.150000000000000000e+03,1.325000000000000000e+03,2.471033526723731484e+03,1.001764102105088927e+00,1.001769966358532660e+00
3.250000000000000805e-02,3.150000000000000000e+03,1.589000000000000000e+03,2.485424808543301879e+03,1.001515676263054377e+00,1.001530992809732901e+00
3.250000000000000805e-02,3.150000000000000000e+03,1.984000000000000000e+03,2.477583637118918432e+03,1.001278029868530206e+00,1.001287290822697296e+00
3.250000000000000805e-02,3.150000000000000000e+03,2.380000000000000000e+03,2.456315249238505203e+03,1.001126824988258335e+00,1.001123417123378045e+00
3.250000000000000805e-02,3.150000000000000000e+03,2.578000000000000000e+03,2.445738806444164311e+03,1.001070638874397734e+00,1.001062508201314039e+00
5.500000000000000722e-02,1.757599999999999909e+03,5.302999999999999545e+02,2.941063405783039798e+03,1.058142703265481321e+00,1.066903169944989571e+00
5.500000000000000722e-02,1.757599999999999909e+03,6.660000000000000000e+02,2.920336888998398081e+03,1.057960290512750090e+00,1.066218098856520191e+00
5.500000000000000722e-02,1.757599999999999909e+03,7.320000000000000000e+02,2.766128554683278253e+03,1.057804630103462928e+00,1.061954304257511694e+00
5.500000000000000722e-02,1.757599999999999909e+03,9.296999999999999318e+02,2.676991549652507729e+03,1.057049869404075970e+00,1.058914318570676638e+00
5.500000000000000722e-02,1.757599999999999909e+03,9.956000000000000227e+02,2.652248745527274878e+03,1.056708630345865041e+00,1.057978010245991918e+00
5.500000000000000722e-02,1.757599999999999909e+03,1.128000000000000000e+03,2.614741953639309941e+03,1.055913312042934482e+00,1.056288473479627177e+00
5.500000000000000722e-02,1.757599999999999909e+03,1.325000000000000000e+03,2.601505104101953293e+03,1.054536114855616713e+00,1.054663828893138033e+00
5.500000000000000722e-02,1.757599999999999909e+03,1.589000000000000000e+03,2.613185080643565470e+03,1.052521530681243878e+00,1.053013488565946565e+00
5.500000000000000722e-02,1.757599999999999909e+03,1.984000000000000000e+03,2.597766342459006864e+03,1.049543431343159527e+00,1.049857766358148981e+00
5.500000000000000722e-02,1.757599999999999909e+03,2.380000000000000000e+03,2.568081379653697240e+03,1.046871876176970195e+00,1.046676075901441072e+00
5.500000000000000722e-02,1.757599999999999909e+03,2.578000000000000000e+03,2.553758913995341118e+03,1.045682128573737435e+00,1.045276092872104323e+00
5.500000000000000722e-02,2.105699999999999818e+03,5.302999999999999545e+02,2.938854134336921106e+03,1.057451858969888248e+00,1.066101732374994393e+00
5.500000000000000722e-02,2.105699999999999818e+03,6.660000000000000000e+02,2.915307700056768226e+03,1.056365214112516382e+00,1.064381936634162917e+00
5.500000000000000722e-02,2.105699999999999818e+03,7.320000000000000000e+02,2.760190666522998981e+03,1.055685689870881960e+00,1.059674668381828333e+00
5.500000000000000722e-02,2.105699999999999818e+03,9.296999999999999318e+02,2.667127259931234676e+03,1.053277634412833841e+00,1.055012387079805380e+00
5.500000000000000722e-02,2.105699999999999818e+03,9.956000000000000227e+02,2.641208891156376922e+03,1.052406042181522672e+00,1.053574229046952748e+00
5.500000000000000722e-02,2.105699999999999818e+03,1.128000000000000000e+03,2.601569174183193809e+03,1.050629015504409347e+00,1.050967009507315142e+00
5.500000000000000722e-02,2.105699999999999818e+03,1.325000000000000000e+03,2.585452413167432951e+03,1.048044166918181697e+00,1.048155983700620464e+00
5.500000000000000722e-02,2.105699999999999818e+03,1.589000000000000000e+03,2.594032096101872412e+03,1.044878285217643699e+00,1.045295569457158846e+00
5.500000000000000722e-02,2.105699999999999818e+03,1.984000000000000000e+03,2.576323600801733392e+03,1.040934356009899364e+00,1.041191925827013920e+00
5.500000000000000722e-02,2.105699999999999818e+03,2.380000000000000000e+03,2.546034355799142759e+03,1.037847086627337712e+00,1.037690343363439238e+00
5.500000000000000722e-02,2.105699999999999818e+03,2.578000000000000000e+03,2.531697758236362006e+03,1.036568490104755380e+00,1.036246266849916831e+00
5.500000000000000722e-02,2.453800000000000182e+03,5.302999999999999545e+02,2.926396156276101010e+03,1.053553674790281169e+00,1.061582463508482066e+00
5.500000000000000722e-02,2.453800000000000182e+03,6.660000000000000000e+02,2.896425567485150168e+03,1.050370365022170516e+00,1.057488049984060652e+00
5.500000000000000722e-02,2.453800000000000182e+03,7.320000000000000000e+02,2.740903365749725253e+03,1.048798794277612023e+00,1.052270011776476721e+00
5.500000000000000722e-02,2.453800000000000182e+03,9.296999999999999318e+02,2.643740220189649790e+03,1.044330603787249956e+00,1.045761378702673827e+00
5.500000000000000722e-02,2.453800000000000182e+03,9.956000000000000227e+02,2.616987369744139414e+03,1.042963383633558561e+00,1.043912300816403294e+00
5.500000000000000722e-02,2.453800000000000182e+03,1.128000000000000000e+03,2.576144745183084524e+03,1.040428932678369778e+00,1.040696194347051184e+00
5.500000000000000722e-02,2.453800000000000182e+03,1.325000000000000000e+03,2.558570654802250374e+03,1.037172363206832371e+00,1.037257977711664170e+00
5.500000000000000722e-02,2.453800000000000182e+03,1.589000000000000000e+03,2.565910218106481807e+03,1.033654002823947593e+00,1.033963529843011209e+00
5.500000000000000722e-02,2.453800000000000182e+03,1.984000000000000000e+03,2.548499475839238585e+03,1.029761874599647964e+00,1.029947121701811463e+00
5.500000000000000722e-02,2.453800000000000182e+03,2.380000000000000000e+03,2.519502974687504320e+03,1.026987519634519064e+00,1.026876915841169691e+00
5.500000000000000722e-02,2.453800000000000182e+03,2.578000000000000000e+03,2.505853315258210841e+03,1.025893741489513733e+00,1.025667907933336842e+00
5.500000000000000722e-02,2.801900000000000091e+03,5.302999999999999545e+02,2.883400380644607139e+03,1.040066709158053548e+00,1.045985271953452811e+00
5.500000000000000722e-02,2.801900000000000091e+03,6.660000000000000000e+02,2.848597104198269335e+03,1.035142014812906908e+00,1.040025827255895541e+00
5.500000000000000722e-02,2.801900000000000091e+03,7.320000000000000000e+02,2.697061697242042555e+03,1.033120327403330485e+00,1.035438600055304637e+00
5.500000000000000722e-02,2.801900000000000091e+03,9.296999999999999318e+02,2.601680270258088967e+03,1.028227536626349137e+00,1.029124089269811471e+00
5.500000000000000722e-02,2.801900000000000091e+03,9.956000000000000227e+02,2.575834420750377831e+03,1.026911415613768419e+00,1.027496451750361306e+00
5.500000000000000722e-02,2.801900000000000091e+03,1.128000000000000000e+03,2.536785600396829068e+03,1.024635742385227699e+00,1.024796112541321857e+00
5.500000000000000722e-02,2.801900000000000091e+03,1.325000000000000000e+03,2.520969573726605631e+03,1.021964457437078533e+00,1.022014302012073328e+00
5.500000000000000722e-02,2.801900000000000091e+03,1.589000000000000000e+03,2.530026775187210660e+03,1.019328591484599533e+00,1.019503876873894654e+00
5.500000000000000722e-02,2.801900000000000091e+03,1.984000000000000000e+03,2.515848473801596356e+03,1.016649287411697022e+00,1.016751590022027418e+00
5.500000000000000722e-02,2.801900000000000091e+03,2.380000000000000000e+03,2.489875514957828727e+03,1.014861808129446485e+00,1.014801615761323106e+00
5.500000000000000722e-02,2.801900000000000091e+03,2.578000000000000000e+03,2.477490473211551944e+03,1.014181026658284690e+00,1.014058746021143209e+00
5.500000000000000722e-02,3.150000000000000000e+03,5.302999999999999545e+02,2.778610366982903088e+03,1.006978197917520079e+00,1.007971539391816940e+00
5.500000000000000722e-02,3.150000000000000000e+03,6.660000000000000000e+02,2.756458281795826224e+03,1.005628882005196179e+00,1.006385845367879339e+00
5.500000000000000722e-02,3.150000000000000000e+03,7.320000000000000000e+02,2.619073365495161397e+03,1.005147909748887125e+00,1.005497820751955818e+00
5.500000000000000722e-02,3.150000000000000000e+03,9.296999999999999318e+02,2.538772763932217913e+03,1.004112840899985093e+00,1.004240312851956363e+00
5.500000000000000722e-02,3.150000000000000000e+03,9.956000000000000227e+02,2.516786318214614312e+03,1.003860257374300513e+00,1.003942253021852249e+00
5.500000000000000722e-02,3.150000000000000000e+03,1.128000000000000000e+03,2.483987745493521288e+03,1.003445177474837857e+00,1.003467137618503591e+00
5.500000000000000722e-02,3.150000000000000000e+03,1.325000000000000000e+03,2.474057031377263684e+03,1.002989054098585076e+00,1.002995711020552516e+00
5.500000000000000722e-02,3.150000000000000000e+03,1.589000000000000000e+03,2.488054317502652793e+03,1.002567684907599066e+00,1.002590584196126233e+00
5.500000000000000722e-02,3.150000000000000000e+03,1.984000000000000000e+03,2.479787224917040476e+03,1.002164735113296512e+00,1.002177845806761392e+00
5.500000000000000722e-02,3.150000000000000000e+03,2.380000000000000000e+03,2.458222584916458345e+03,1.001908423374923363e+00,1.001900792263684670e+00
5.500000000000000722e-02,3.150000000000000000e+03,2.578000000000000000e+03,2.447535103690778669e+03,1.001813194363392556e+00,1.001797748539502431e+00
7.750000000000001332e-02,1.757599999999999909e+03,5.302999999999999545e+02,3.022719164827658460e+03,1.083924554800360207e+00,1.096524696634167961e+00
7.750000000000001332e-02,1.757599999999999909e+03,6.660000000000000000e+02,3.000578582936786006e+03,1.083654861200784802e+00,1.095514426510470374e+00
7.750000000000001332e-02,1.757599999999999909e+03,7.320000000000000000e+02,2.837444836448876686e+03,1.083424753004892382e+00,1.089333592995337607e+00
7.750000000000001332e-02,1.757599999999999909e+03,9.296999999999999318e+02,2.742703573806459644e+03,1.082309437987153178e+00,1.084907453770492358e+00
7.750000000000001332e-02,1.757599999999999909e+03,9.956000000000000227e+02,2.716328765264952381e+03,1.081805418167926414e+00,1.083539433130222163e+00
7.750000000000001332e-02,1.757599999999999909e+03,1.128000000000000000e+03,2.676091562269222777e+03,1.080631269328751864e+00,1.081072136876341405e+00
7.750000000000001332e-02,1.757599999999999909e+03,1.325000000000000000e+03,2.660759183718997065e+03,1.078599925993115605e+00,1.078685743894539861e+00
7.750000000000001332e-02,1.757599999999999909e+03,1.589000000000000000e+03,2.670849846684086970e+03,1.075632660872046342e+00,1.076250180412019031e+00
7.750000000000001332e-02,1.757599999999999909e+03,1.984000000000000000e+03,2.651607692457980193e+03,1.071255386304120094e+00,1.071617136523105085e+00
7.750000000000001332e-02,1.757599999999999909e+03,2.380000000000000000e+03,2.617882670702287214e+03,1.067337929885942005e+00,1.066973649141348623e+00
7.750000000000001332e-02,1.757599999999999909e+03,2.578000000000000000e+03,2.601777128185433867e+03,1.065596142200146090e+00,1.064930372311031714e+00
7.750000000000001332e-02,2.105699999999999818e+03,5.302999999999999545e+02,3.019444326810116763e+03,1.082903372912025430e+00,1.095336713044592347e+00
7.750000000000001332e-02,2.105699999999999818e+03,6.660000000000000000e+02,2.993130722985126795e+03,1.081298328021886190e+00,1.092795204934314812e+00
7.750000000000001332e-02,2.105699999999999818e+03,7.320000000000000000e+02,2.828670412872158522e+03,1.080295368774088161e+00,1.085964972665346862e+00
7.750000000000001332e-02,2.105699999999999818e+03,9.296999999999999318e+02,2.728161807385110023e+03,1.076745733964081797e+00,1.079155293408657679e+00
7.750000000000001332e-02,2.105699999999999818e+03,9.956000000000000227e+02,2.700067161370944632e+03,1.075462710246081643e+00,1.077052703949860080e+00
7.750000000000001332e-02,2.105699999999999818e+03,1.128000000000000000e+03,2.656716663960944970e+03,1.072849739822703263e+00,1.073245176464668882e+00
7.750000000000001332e-02,2.105699999999999818e+03,1.325000000000000000e+03,2.637189775117398767e+03,1.069055852388783423e+00,1.069130581891853948e+00
7.750000000000001332e-02,2.105699999999999818e+03,1.589000000000000000e+03,2.642784055960300975e+03,1.064420295143650552e+00,1.064940741819886405e+00
7.750000000000001332e-02,2.105699999999999818e+03,1.984000000000000000e+03,2.620281188184803341e+03,1.058662585118185229e+00,1.058956885573470119e+00
7.750000000000001332e-02,2.105699999999999818e+03,2.380000000000000000e+03,2.585754746384227929e+03,1.054168673811802570e+00,1.053879231644104131e+00
7.750000000000001332e-02,2.105699999999999818e+03,2.578000000000000000e+03,2.569664797324011488e+03,1.052310889336318667e+00,1.051786511490070408e+00
7.750000000000001332e-02,2.453800000000000182e+03,5.302999999999999545e+02,3.001018353885332090e+03,1.077152273099306390e+00,1.088652488255654305e+00
7.750000000000001332e-02,2.453800000000000182e+03,6.660000000000000000e+02,2.965268599818715757e+03,1.072469739118148802e+00,1.082622714183500756e+00
7.750000000000001332e-02,2.453800000000000182e+03,7.320000000000000000e+02,2.800283947719694879e+03,1.070162603485788066e+00,1.075067023327353599e+00
7.750000000000001332e-02,2.453800000000000182e+03,9.296999999999999318e+02,2.693872946524455983e+03,1.063619608098276936e+00,1.065591946248470645e+00
7.750000000000001332e-02,2.453800000000000182e+03,9.956000000000000227e+02,2.664596990648582050e+03,1.061622383988811258e+00,1.062903706535037740e+00
7.750000000000001332e-02,2.453800000000000182e+03,1.128000000000000000e+03,2.619563166722071855e+03,1.057926087363940448e+00,1.058236119518052742e+00
7.750000000000001332e-02,2.453800000000000182e+03,1.325000000000000000e+03,2.598004747914828386e+03,1.053188063340483982e+00,1.053244766115601250e+00
7.750000000000001332e-02,2.453800000000000182e+03,1.589000000000000000e+03,2.601899906221283345e+03,1.048083541837151467e+00,1.048465995556168595e+00
7.750000000000001332e-02,2.453800000000000182e+03,1.984000000000000000e+03,2.579965570896236386e+03,1.042454078602803147e+00,1.042663786681496507e+00
7.750000000000001332e-02,2.453800000000000182e+03,2.380000000000000000e+03,2.547407454603578572e+03,1.038452396450357806e+00,1.038249978926330197e+00
7.750000000000001332e-02,2.453800000000000182e+03,2.578000000000000000e+03,2.532349360972352315e+03,1.036877272785915460e+00,1.036512973608431754e+00
7.750000000000001332e-02,2.801900000000000091e+03,5.302999999999999545e+02,2.937951761086021634e+03,1.057398449395552165e+00,1.065774386531322504e+00
7.750000000000001332e-02,2.801900000000000091e+03,6.660000000000000000e+02,2.895399401636855600e+03,1.050240565982998309e+00,1.057113395743311424e+00
7.750000000000001332e-02,2.801900000000000091e+03,7.320000000000000000e+02,2.736402784849656200e+03,1.047310573852912485e+00,1.050542177670431343e+00
7.750000000000001332e-02,2.801900000000000091e+03,9.296999999999999318e+02,2.632863842745303373e+03,1.040239839973961633e+00,1.041459104453249074e+00
7.750000000000001332e-02,2.801900000000000091e+03,9.956000000000000227e+02,2.604979006007868065e+03,1.038342754741107044e+00,1.039122182697416408e+00
7.750000000000001332e-02,2.801900000000000091e+03,1.128000000000000000e+03,2.562665758299554000e+03,1.035067419139930722e+00,1.035251030452602805e+00
7.750000000000001332e-02,2.801900000000000091e+03,1.325000000000000000e+03,2.543783376541264261e+03,1.031230538043719225e+00,1.031263137461283952e+00
7.750000000000001332e-02,2.801900000000000091e+03,1.589000000000000000e+03,2.550284198513996671e+03,1.027452816110541178e+00,1.027666842507175771e+00
7.750000000000001332e-02,2.801900000000000091e+03,1.984000000000000000e+03,2.533130211231138219e+03,1.023621245541682656e+00,1.023735807948029430e+00
7.750000000000001332e-02,2.801900000000000091e+03,2.380000000000000000e+03,2.504987124022251010e+03,1.021069739172779656e+00,1.020960672791766166e+00
7.750000000000001332e-02,2.801900000000000091e+03,2.578000000000000000e+03,2.491770254424374798e+03,1.020098956406192192e+00,1.019903586672078255e+00
7.750000000000001332e-02,3.150000000000000000e+03,5.302999999999999545e+02,2.787582842967539818e+03,1.009861065802853286e+00,1.011226403959320397e+00
7.750000000000001332e-02,3.150000000000000000e+03,6.660000000000000000e+02,2.763585329272344552e+03,1.007949912920778512e+00,1.008987937968736759e+00
7.750000000000001332e-02,3.150000000000000000e+03,7.320000000000000000e+02,2.624927972500579017e+03,1.007269181455738183e+00,1.007745483861688385e+00
7.750000000000001332e-02,3.150000000000000000e+03,9.296999999999999318e+02,2.543158236481990571e+03,1.005805134010583357e+00,1.005975036174955095e+00
7.750000000000001332e-02,3.150000000000000000e+03,9.956000000000000227e+02,2.520829888825515354e+03,1.005448057123978112e+00,1.005555227218343006e+00
7.750000000000001332e-02,3.150000000000000000e+03,1.128000000000000000e+03,2.487500320303870467e+03,1.004861419900409558e+00,1.004886127465376422e+00
7.750000000000001332e-02,3.150000000000000000e+03,1.325000000000000000e+03,2.477080132055275953e+03,1.004217005489728365e+00,1.004221291908775626e+00
7.750000000000001332e-02,3.150000000000000000e+03,1.589000000000000000e+03,2.490682107711083972e+03,1.003621905970693229e+00,1.003649482991736175e+00
7.750000000000001332e-02,3.150000000000000000e+03,1.984000000000000000e+03,2.481988634069898126e+03,1.003053012235330721e+00,1.003067520316083039e+00
7.750000000000001332e-02,3.150000000000000000e+03,2.380000000000000000e+03,2.460128434071839820e+03,1.002691243132015186e+00,1.002677561540164408e+00
7.750000000000001332e-02,3.150000000000000000e+03,2.578000000000000000e+03,2.449330015936168820e+03,1.002556852268011278e+00,1.002532421984449806e+00
1.000000000000000056e-01,1.757599999999999909e+03,5.302999999999999545e+02,3.108366894727487761e+03,1.110994141854175776e+00,1.127594354754779316e+00
1.000000000000000056e-01,1.757599999999999909e+03,6.660000000000000000e+02,3.084705394146069921e+03,1.110628581143053184e+00,1.126229214605068529e+00
1.000000000000000056e-01,1.757599999999999909e+03,7.320000000000000000e+02,2.912172992645678733e+03,1.110316723512838832e+00,1.118022746645865650e+00
1.000000000000000056e-01,1.757599999999999909e+03,9.296999999999999318e+02,2.811493916541784984e+03,1.108805780756797699e+00,1.112118252740431412e+00
1.000000000000000056e-01,1.757599999999999909e+03,9.956000000000000227e+02,2.783381576258459063e+03,1.108123302400522592e+00,1.110286697946896828e+00
1.000000000000000056e-01,1.757599999999999909e+03,1.128000000000000000e+03,2.740236240304949661e+03,1.106534215297004131e+00,1.106984936397493069e+00
1.000000000000000056e-01,1.757599999999999909e+03,1.325000000000000000e+03,2.722638737715054958e+03,1.103787623729743927e+00,1.103772039994739274e+00
1.000000000000000056e-01,1.757599999999999909e+03,1.589000000000000000e+03,2.730971787196834157e+03,1.099781519724695622e+00,1.100477019447503757e+00
1.000000000000000056e-01,1.757599999999999909e+03,1.984000000000000000e+03,2.707593538096908560e+03,1.093884629748764770e+00,1.094243180247468583e+00
1.000000000000000056e-01,1.757599999999999909e+03,2.380000000000000000e+03,2.669553414899050949e+03,1.088620150739038950e+00,1.088033157692463337e+00
1.000000000000000056e-01,1.757599999999999909e+03,2.578000000000000000e+03,2.651546567577711812e+03,1.086283367496783336e+00,1.085301443702029189e+00
1.000000000000000056e-01,2.105699999999999818e+03,5.302999999999999545e+02,3.103916834510056560e+03,1.109610273182409568e+00,1.125980046357657471e+00
1.000000000000000056e-01,2.105699999999999818e+03,6.660000000000000000e+02,3.074594615865344622e+03,1.107436873038345038e+00,1.122537758719603262e+00
1.000000000000000056e-01,2.105699999999999818e+03,7.320000000000000000e+02,2.900287199451012839e+03,1.106079813241184429e+00,1.113459629280542984e+00
1.000000000000000056e-01,2.105699999999999818e+03,9.296999999999999318e+02,2.791843641422708970e+03,1.101283452076632363e+00,1.104345363920463452e+00
1.000000000000000056e-01,2.105699999999999818e+03,9.956000000000000227e+02,2.761425549076323932e+03,1.099552283086427273e+00,1.101528471935767417e+00
1.000000000000000056e-01,2.105699999999999818e+03,1.128000000000000000e+03,2.714116211973594091e+03,1.096030706475605854e+00,1.096433117004772084e+00
1.000000000000000056e-01,2.105699999999999818e+03,1.325000000000000000e+03,2.690921696826831067e+03,1.090927278781489207e+00,1.090913785082384901e+00
1.000000000000000056e-01,2.105699999999999818e+03,1.589000000000000000e+03,2.693282032877552865e+03,1.084707212201396986e+00,1.085289492175548931e+00
1.000000000000000056e-01,2.105699999999999818e+03,1.984000000000000000e+03,2.665656172302410596e+03,1.077005138357362890e+00,1.077294670113843500e+00
1.000000000000000056e-01,2.105699999999999818e+03,2.380000000000000000e+03,2.626655054078441481e+03,1.071011822539988945e+00,1.070549020187298250e+00
1.000000000000000056e-01,2.105699999999999818e+03,2.578000000000000000e+03,2.608718249496044791e+03,1.068538823049771880e+00,1.067771434607063252e+00
1.000000000000000056e-01,2.453800000000000182e+03,5.302999999999999545e+02,3.078936166283186139e+03,1.101832265839733704e+00,1.116918033595135640e+00
1.000000000000000056e-01,2.453800000000000182e+03,6.660000000000000000e+02,3.036913222905335260e+03,1.095519022994221103e+00,1.108780242141484740e+00
1.000000000000000056e-01,2.453800000000000182e+03,7.320000000000000000e+02,2.861996075966932949e+03,1.092414862767235650e+00,1.098759147146432413e+00
1.000000000000000056e-01,2.453800000000000182e+03,9.296999999999999318e+02,2.745772007292534909e+03,1.083634564775531439e+00,1.086121207379243447e+00
1.000000000000000056e-01,2.453800000000000182e+03,9.956000000000000227e+02,2.713824828903699199e+03,1.080961178944069623e+00,1.082540616705583103e+00
1.000000000000000056e-01,2.453800000000000182e+03,1.128000000000000000e+03,2.664364094176363324e+03,1.076021816516894436e+00,1.076334541507763642e+00
1.000000000000000056e-01,2.453800000000000182e+03,1.325000000000000000e+03,2.638584465979532069e+03,1.069706140161370111e+00,1.069695996890448475e+00
1.000000000000000056e-01,2.453800000000000182e+03,1.589000000000000000e+03,2.638825088074670020e+03,1.062921649528848489e+00,1.063345429411573395e+00
1.000000000000000056e-01,2.453800000000000182e+03,1.984000000000000000e+03,2.612141711738291633e+03,1.055463059415089111e+00,1.055667408601737911e+00
1.000000000000000056e-01,2.453800000000000182e+03,2.380000000000000000e+03,2.575882166024556682e+03,1.050176141744082248e+00,1.049855451964943232e+00
1.000000000000000056e-01,2.453800000000000182e+03,2.578000000000000000e+03,2.559363728932950835e+03,1.048098535378203966e+00,1.047570193159781837e+00
1.000000000000000056e-01,2.801900000000000091e+03,5.302999999999999545e+02,2.994170153050812587e+03,1.075317613019927565e+00,1.086168227914853013e+00
1.000000000000000056e-01,2.801900000000000091e+03,6.660000000000000000e+02,2.943399143716218987e+03,1.065786090748943815e+00,1.074638152540468017e+00
1.000000000000000056e-01,2.801900000000000091e+03,7.320000000000000000e+02,2.776715083681158376e+03,1.061896064486691049e+00,1.066018616459275314e+00
1.000000000000000056e-01,2.801900000000000091e+03,9.296999999999999318e+02,2.664699414276494736e+03,1.052536129286337774e+00,1.054052025241002610e+00
1.000000000000000056e-01,2.801900000000000091e+03,9.956000000000000227e+02,2.634703020409356668e+03,1.050031460836582164e+00,1.050979047053009818e+00
1.000000000000000056e-01,2.801900000000000091e+03,1.128000000000000000e+03,2.589017406918192592e+03,1.045713687580078988e+00,1.045896418481930601e+00
1.000000000000000056e-01,2.801900000000000091e+03,1.325000000000000000e+03,2.566963371228414417e+03,1.040666185920878117e+00,1.040660429018361866e+00
1.000000000000000056e-01,2.801900000000000091e+03,1.589000000000000000e+03,2.570819738343388508e+03,1.035707584131934977e+00,1.035941878437660835e+00
1.000000000000000056e-01,2.801900000000000091e+03,1.984000000000000000e+03,2.550609583322538583e+03,1.030689488294005862e+00,1.030799897678228216e+00
1.000000000000000056e-01,2.801900000000000091e+03,2.380000000000000000e+03,2.520254052786552620e+03,1.027354085741228440e+00,1.027183033662682599e+00
1.000000000000000056e-01,2.801900000000000091e+03,2.578000000000000000e+03,2.506190111417172375e+03,1.026086355903827574e+00,1.025805761577705866e+00
1.000000000000000056e-01,3.150000000000000000e+03,5.302999999999999545e+02,2.796544897820107963e+03,1.012760487748335381e+00,1.014477488146293238e+00
1.000000000000000056e-01,3.150000000000000000e+03,6.660000000000000000e+02,2.770695838114511844e+03,1.010281682682877769e+00,1.011583992296632539e+00
1.000000000000000056e-01,3.150000000000000000e+03,7.320000000000000000e+02,2.630781067275212081e+03,1.009399425593596966e+00,1.009992566405493175e+00
1.000000000000000056e-01,3.150000000000000000e+03,9.296999999999999318e+02,2.547544622482633713e+03,1.007503141002403346e+00,1.007710120823788635e+00
1.000000000000000056e-01,3.150000000000000000e+03,9.956000000000000227e+02,2.524874663833553768e+03,1.007040887657502548e+00,1.007168681847028679e+00
1.000000000000000056e-01,3.150000000000000000e+03,1.128000000000000000e+03,2.491014646555989202e+03,1.006281665688633975e+00,1.006305824849660802e+00
1.000000000000000056e-01,3.150000000000000000e+03,1.325000000000000000e+03,2.480104094517376780e+03,1.005447967308437551e+00,1.005447222168792898e+00
1.000000000000000056e-01,3.150000000000000000e+03,1.589000000000000000e+03,2.493309242713848107e+03,1.004678346438897751e+00,1.004708117764560260e+00
1.000000000000000056e-01,3.150000000000000000e+03,1.984000000000000000e+03,2.484188771788242775e+03,1.003942865418080643e+00,1.003956680989585015e+00
1.000000000000000056e-01,3.150000000000000000e+03,2.380000000000000000e+03,2.462033612148361954e+03,1.003475287124647064e+00,1.003454057304210778e+00
1.000000000000000056e-01,3.150000000000000000e+03,2.578000000000000000e+03,2.451124406705474030e+03,1.003301615045087081e+00,1.003266881984626879e+00
1.000000000000000194e-02,3.250000000000000000e+03,5.302999999999999545e+02,2.752226666658530576e+03,9.986076040648027563e-01,9.984005612702291366e-01
1.000000000000000194e-02,3.250000000000000000e+03,6.660000000000000000e+02,2.735544814069790391e+03,9.989047525739986888e-01,9.987503160961183069e-01
1.000000000000000194e-02,3.250000000000000000e+03,7.320000000000000000e+02,2.601980614538535065e+03,9.990070804566345553e-01,9.989356816137517914e-01
1.000000000000000194e-02,3.250000000000000000e+03,9.296999999999999318e+02,2.526017822824022460e+03,9.992211665156164324e-01,9.991949514746493177e-01
1.000000000000000194e-02,3.250000000000000000e+03,9.956000000000000227e+02,2.505035749363782088e+03,9.992721707607526982e-01,9.992549688924782236e-01
1.000000000000000194e-02,3.250000000000000000e+03,1.128000000000000000e+03,2.473795235898856845e+03,9.993549579679856798e-01,9.993496259896066380e-01
1.000000000000000194e-02,3.250000000000000000e+03,1.325000000000000000e+03,2.465291880929920808e+03,9.994444796318487922e-01,9.994422730061343074e-01
1.000000000000000194e-02,3.250000000000000000e+03,1.589000000000000000e+03,2.480436076163994130e+03,9.995258604107898348e-01,9.995207247559434460e-01
1.000000000000000194e-02,3.250000000000000000e+03,1.984000000000000000e+03,2.473407023750429289e+03,9.996025329217880229e-01,9.995993599605886848e-01
1.000000000000000194e-02,3.250000000000000000e+03,2.380000000000000000e+03,2.452704074326295085e+03,9.996507378636921848e-01,9.996516061377715978e-01
1.000000000000000194e-02,3.250000000000000000e+03,2.578000000000000000e+03,2.442338893035467208e+03,9.996685392587532082e-01,9.996708935956947206e-01
1.000000000000000194e-02,3.487500000000000000e+03,5.302999999999999545e+02,2.724929217184368554e+03,9.899741252120995982e-01,9.884981105722502326e-01
1.000000000000000194e-02,3.487500000000000000e+03,6.660000000000000000e+02,2.715828378112017162e+03,9.925892528042759011e-01,9.915518243939046572e-01
1.000000000000000194e-02,3.487500000000000000e+03,7.320000000000000000e+02,2.586398522153587692e+03,9.934235706237514174e-01,9.929535048094536576e-01
1.000000000000000194e-02,3.487500000000000000e+03,9.296999999999999318e+02,2.515157666488243649e+03,9.950645050711903750e-01,9.948990936683873576e-01
1.000000000000000194e-02,3.487500000000000000e+03,9.956000000000000227e+02,2.495190475058750508e+03,9.954351673261055966e-01,9.953277038736413340e-01
1.000000000000000194e-02,3.487500000000000000e+03,1.128000000000000000e+03,2.465473569833953661e+03,9.960206698852684948e-01,9.959878870110167037e-01
1.000000000000000194e-02,3.487500000000000000e+03,1.325000000000000000e+03,2.458326456970638901e+03,9.966317948689793482e-01,9.966184535597771843e-01
1.000000000000000194e-02,3.487500000000000000e+03,1.589000000000000000e+03,2.474521666560591711e+03,9.971680454747574585e-01,9.971374442392213489e-01
1.000000000000000194e-02,3.487500000000000000e+03,1.984000000000000000e+03,2.468554709456616365e+03,9.976570194622637056e-01,9.976383522429553841e-01
1.000000000000000194e-02,3.487500000000000000e+03,2.380000000000000000e+03,2.448557887158697667e+03,9.979566683455119991e-01,9.979617395514102096e-01
1.000000000000000194e-02,3.487500000000000000e+03,2.578000000000000000e+03,2.438451070283620538e+03,9.980658571865752560e-01,9.980795733839242789e-01
1.000000000000000194e-02,3.725000000000000000e+03,5.302999999999999545e+02,2.685457363794330377e+03,9.774508685207911052e-01,9.741792606546900712e-01
1.000000000000000194e-02,3.725000000000000000e+03,6.660000000000000000e+02,2.689987433373230942e+03,9.842949012801082143e-01,9.821172680330134686e-01
1.000000000000000194e-02,3.725000000000000000e+03,7.320000000000000000e+02,2.566653674016427885e+03,9.863419763242047278e-01,9.853731895595831958e-01
1.000000000000000194e-02,3.725000000000000000e+03,9.296999999999999318e+02,2.502360795552660420e+03,9.901650832549228065e-01,9.898371464730930658e-01
1.000000000000000194e-02,3.725000000000000000e+03,9.956000000000000227e+02,2.483787578231089356e+03,9.909902404133896781e-01,9.907791055880869058e-01
1.000000000000000194e-02,3.725000000000000000e+03,1.128000000000000000e+03,2.456098396342642900e+03,9.922640468153227644e-01,9.922005581382917772e-01
1.000000000000000194e-02,3.725000000000000000e+03,1.325000000000000000e+03,2.450705594126412052e+03,9.935543674612082876e-01,9.935289157479587629e-01
1.000000000000000194e-02,3.725000000000000000e+03,1.589000000000000000e+03,2.468213727095713693e+03,9.946532147122809642e-01,9.945955862626183475e-01
1.000000000000000194e-02,3.725000000000000000e+03,1.984000000000000000e+03,2.463493986578968361e+03,9.956278811077040602e-01,9.955931185629102176e-01
1.000000000000000194e-02,3.725000000000000000e+03,2.380000000000000000e+03,2.444288733534527637e+03,9.962123715187454209e-01,9.962217553756090860e-01
1.000000000000000194e-02,3.725000000000000000e+03,2.578000000000000000e+03,2.434465610407610257e+03,9.964229639429236229e-01,9.964482894343454911e-01
1.000000000000000194e-02,3.962500000000000000e+03,5.302999999999999545e+02,2.632043714333010030e+03,9.604298344281032573e-01,9.548028705311182307e-01
1.000000000000000194e-02,3.962500000000000000e+03,6.660000000000000000e+02,2.657693595186194671e+03,9.739019996634565857e-01,9.703267534227723035e-01
1.000000000000000194e-02,3.962500000000000000e+03,7.320000000000000000e+02,2.542646551096927396e+03,9.777219672405703665e-01,9.761565291574343384e-01
1.000000000000000194e-02,3.962500000000000000e+03,9.296999999999999318e+02,2.487712687115229073e+03,9.845549097967626340e-01,9.840429213227053218e-01
1.000000000000000194e-02,3.962500000000000000e+03,9.956000000000000227e+02,2.470920894642181338e+03,9.859735971623234674e-01,9.856466049790042483e-01
1.000000000000000194e-02,3.962500000000000000e+03,1.128000000000000000e+03,2.445760495275117592e+03,9.881213890773281605e-01,9.880243120951971436e-01
1.000000000000000194e-02,3.962500000000000000e+03,1.325000000000000000e+03,2.442504012138080270e+03,9.902423521933969575e-01,9.902039513459454101e-01
1.000000000000000194e-02,3.962500000000000000e+03,1.589000000000000000e+03,2.461566965116013307e+03,9.920031548799984611e-01,9.919171957912521487e-01
1.000000000000000194e-02,3.962500000000000000e+03,1.984000000000000000e+03,2.458258681545255513e+03,9.935286734090229555e-01,9.934773294870941074e-01
1.000000000000000194e-02,3.962500000000000000e+03,2.380000000000000000e+03,2.439918444805289255e+03,9.944267684324179513e-01,9.944405514410623592e-01
1.000000000000000194e-02,3.962500000000000000e+03,2.578000000000000000e+03,2.430400445137981478e+03,9.947472539033074268e-01,9.947843813627456067e-01
1.000000000000000194e-02,4.200000000000000000e+03,5.302999999999999545e+02,2.563809464236621807e+03,9.385604804261818979e-01,9.300501441589121843e-01
1.000000000000000194e-02,4.200000000000000000e+03,6.660000000000000000e+02,2.618912589948174627e+03,9.613810923134243902e-01,9.561677672344328638e-01
1.000000000000000194e-02,4.200000000000000000e+03,7.320000000000000000e+02,2.514438471764690803e+03,9.675798949396002824e-01,9.653270645575375841e-01
1.000000000000000194e-02,4.200000000000000000e+03,9.296999999999999318e+02,2.471335252758000024e+03,9.782799001761103286e-01,9.775646417238875729e-01
1.000000000000000194e-02,4.200000000000000000e+03,9.956000000000000227e+02,2.456705334647590917e+03,9.804296509092300660e-01,9.799760396133038176e-01
1.000000000000000194e-02,4.200000000000000000e+03,1.128000000000000000e+03,2.434555347845757296e+03,9.836308832255419299e-01,9.834977208356660006e-01
1.000000000000000194e-02,4.200000000000000000e+03,1.325000000000000000e+03,2.433792495467379467e+03,9.867243163432231068e-01,9.866722567461920779e-01
1.000000000000000194e-02,4.200000000000000000e+03,1.589000000000000000e+03,2.454629776885708452e+03,9.892371399513387731e-01,9.891217746657676724e-01
1.000000000000000194e-02,4.200000000000000000e+03,1.984000000000000000e+03,2.452877246922446830e+03,9.913707985654200971e-01,9.913024837973326564e-01
1.000000000000000194e-02,4.200000000000000000e+03,2.380000000000000000e+03,2.435464907593831867e+03,9.926071681745776143e-01,9.926254178205702328e-01
1.000000000000000194e-02,4.200000000000000000e+03,2.578000000000000000e+03,2.426270138452979609e+03,9.930447326636619998e-01,9.930938103341327983e-01
3.250000000000000805e-02,3.250000000000000000e+03,5.302999999999999545e+02,2.742401889358814060e+03,9.954888461632063201e-01,9.948365150057181250e-01
3.250000000000000805e-02,3.250000000000000000e+03,6.660000000000000000e+02,2.727908552466295987e+03,9.964491961352803795e-01,9.959623088768411181e-01
3.250000000000000805e-02,3.250000000000000000e+03,7.320000000000000000e+02,2.595780749213405670e+03,9.967802047287757095e-01,9.965554691479606708e-01
3.250000000000000805e-02,3.250000000000000000e+03,9.296999999999999318e+02,2.521458082371030741e+03,9.974732190443892366e-01,9.973912945093273974e-01
3.250000000000000805e-02,3.250000000000000000e+03,9.956000000000000227e+02,2.500849551519413126e+03,9.976384223293247588e-01,9.975851009084325538e-01
3.250000000000000805e-02,3.250000000000000000e+03,1.128000000000000000e+03,2.470184329838365102e+03,9.979066515658403524e-01,9.978909128476821655e-01
3.250000000000000805e-02,3.250000000000000000e+03,1.325000000000000000e+03,2.462205011382834073e+03,9.981968126449412004e-01,9.981908398835581675e-01
3.250000000000000805e-02,3.250000000000000000e+03,1.589000000000000000e+03,2.477766979461559913e+03,9.984606884942480720e-01,9.984451810255093873e-01
3.250000000000000805e-02,3.250000000000000000e+03,1.984000000000000000e+03,2.471181792980336922e+03,9.987093861929338123e-01,9.987000582151864814e-01
3.250000000000000805e-02,3.250000000000000000e+03,2.380000000000000000e+03,2.450784423885687829e+03,9.988657893648659192e-01,9.988692118545545728e-01
3.250000000000000805e-02,3.250000000000000000e+03,2.578000000000000000e+03,2.440532968585595881e+03,9.989235553889873609e-01,9.989317127581306410e-01
3.250000000000000805e-02,3.487500000000000000e+03,5.302999999999999545e+02,2.656490560747237851e+03,9.681347306408480957e-01,9.636712335467579882e-01
3.250000000000000805e-02,3.487500000000000000e+03,6.660000000000000000e+02,2.665388472949281550e+03,9.763100816055902964e-01,9.731361614641526048e-01
3.250000000000000805e-02,3.487500000000000000e+03,7.320000000000000000e+02,2.546136322736480906e+03,9.789382544618544513e-01,9.774962998659305624e-01
3.250000000000000805e-02,3.487500000000000000e+03,9.296999999999999318e+02,2.486665139669774817e+03,9.841358111346815152e-01,9.836285520694599827e-01
3.250000000000000805e-02,3.487500000000000000e+03,9.956000000000000227e+02,2.469269187257650174e+03,9.853151203513168532e-01,9.849877414032774947e-01
3.250000000000000805e-02,3.487500000000000000e+03,1.128000000000000000e+03,2.443439315304440697e+03,9.871819435031405909e-01,9.870866151096551189e-01
3.250000000000000805e-02,3.487500000000000000e+03,1.325000000000000000e+03,2.439780954950343585e+03,9.891356682446013071e-01,9.891000096641147099e-01
3.250000000000000805e-02,3.487500000000000000e+03,1.589000000000000000e+03,2.458702674084656337e+03,9.908544224771780318e-01,9.907629962232465948e-01
3.250000000000000805e-02,3.487500000000000000e+03,1.984000000000000000e+03,2.455520798518406991e+03,9.924252451346191606e-01,9.923708451539434705e-01
3.250000000000000805e-02,3.487500000000000000e+03,2.380000000000000000e+03,2.437388457902201026e+03,9.933895635793874579e-01,9.934094015776715469e-01
3.250000000000000805e-02,3.487500000000000000e+03,2.578000000000000000e+03,2.427967260963836907e+03,9.937412727192495021e-01,9.937884575764986961e-01
3.250000000000000805e-02,3.725000000000000000e+03,5.302999999999999545e+02,2.538634765150149633e+03,9.302539277381504101e-01,9.209177445632573678e-01
3.250000000000000805e-02,3.725000000000000000e+03,6.660000000000000000e+02,2.586383188555196739e+03,9.507004995823770122e-01,9.442912482475919189e-01
3.250000000000000805e-02,3.725000000000000000e+03,7.320000000000000000e+02,2.485083152052425248e+03,9.569348392695956607e-01,9.540571588011634852e-01
3.250000000000000805e-02,3.725000000000000000e+03,9.296999999999999318e+02,2.446510049166295175e+03,9.687285136247391071e-01,9.677447513517641875e-01
3.250000000000000805e-02,3.725000000000000000e+03,9.956000000000000227e+02,2.433374890986605806e+03,9.713000848487707284e-01,9.706695609490266774e-01
3.250000000000000805e-02,3.725000000000000000e+03,1.128000000000000000e+03,2.413784246158345923e+03,9.752882817152668249e-01,9.751067301823250766e-01
3.250000000000000805e-02,3.725000000000000000e+03,1.325000000000000000e+03,2.415568263091860899e+03,9.793511576615728798e-01,9.792840572514085462e-01
3.250000000000000805e-02,3.725000000000000000e+03,1.589000000000000000e+03,2.438592255513794044e+03,9.828295133520460469e-01,9.826592678755362575e-01
3.250000000000000805e-02,3.725000000000000000e+03,1.984000000000000000e+03,2.439332790471260068e+03,9.859290334619642548e-01,9.858286455371456647e-01
3.250000000000000805e-02,3.725000000000000000e+03,2.380000000000000000e+03,2.423700664855088689e+03,9.877942270358807120e-01,9.878306509867402774e-01
3.250000000000000805e-02,3.725000000000000000e+03,2.578000000000000000e+03,2.415178579165511110e+03,9.884674505909011311e-01,9.885539370938173365e-01
3.250000000000000805e-02,3.962500000000000000e+03,5.302999999999999545e+02,2.390081488494399764e+03,8.819107840068228787e-01,8.670284059457727954e-01
3.250000000000000805e-02,3.962500000000000000e+03,6.660000000000000000e+02,2.492050721475624869e+03,9.198858423605646983e-01,9.098503643588421452e-01
3.250000000000000805e-02,3.962500000000000000e+03,7.320000000000000000e+02,2.413506591141479021e+03,9.310524300323063107e-01,9.265779453659684917e-01
3.250000000000000805e-02,3.962500000000000000e+03,9.296999999999999318e+02,2.401628089856000315e+03,9.514892750166608071e-01,9.499911841560265691e-01
3.250000000000000805e-02,3.962500000000000000e+03,9.956000000000000227e+02,2.393726297529763542e+03,9.558088376294198163e-01,9.548537970297255040e-01
3.250000000000000805e-02,3.962500000000000000e+03,1.128000000000000000e+03,2.381653891734947138e+03,9.623994594330399499e-01,9.621268936906155478e-01
3.250000000000000805e-02,3.962500000000000000e+03,1.325000000000000000e+03,2.389878165493075812e+03,9.689689228527309517e-01,9.688691567941879468e-01
3.250000000000000805e-02,3.962500000000000000e+03,1.589000000000000000e+03,2.417645826685688007e+03,9.744696189912538387e-01,9.742186594178107173e-01
3.250000000000000805e-02,3.962500000000000000e+03,1.984000000000000000e+03,2.422740691209179658e+03,9.792700270361843762e-01,9.791231370448031379e-01
3.250000000000000805e-02,3.962500000000000000e+03,2.380000000000000000e+03,2.409798169291432714e+03,9.821113173892725978e-01,9.821643938279555064e-01
3.250000000000000805e-02,3.962500000000000000e+03,2.578000000000000000e+03,2.402229661857213614e+03,9.831279801674662755e-01,9.832538308007900962e-01
3.250000000000000805e-02,4.200000000000000000e+03,5.302999999999999545e+02,2.216526305263921586e+03,8.245724730769813382e-01,8.040693501209694727e-01
3.250000000000000805e-02,4.200000000000000000e+03,6.660000000000000000e+02,2.384764850575371383e+03,8.845226688956998595e-01,8.706801789818162662e-01
3.250000000000000805e-02,4.200000000000000000e+03,7.320000000000000000e+02,2.332915224694587323e+03,9.017980248449480873e-01,8.956378257032833190e-01
3.250000000000000805e-02,4.200000000000000000e+03,9.296999999999999318e+02,2.352764447519306486e+03,9.326987049762903714e-01,9.306626171552984106e-01
3.250000000000000805e-02,4.200000000000000000e+03,9.956000000000000227e+02,2.350938612973974159e+03,9.390789207287294493e-01,9.377858544222654746e-01
3.250000000000000805e-02,4.200000000000000000e+03,1.128000000000000000e+03,2.347484975725011736e+03,9.486901389733700674e-01,9.483235307689499294e-01
3.250000000000000805e-02,4.200000000000000000e+03,1.325000000000000000e+03,2.362999126554132999e+03,9.581054309676491076e-01,9.579722532749080921e-01
3.250000000000000805e-02,4.200000000000000000e+03,1.589000000000000000e+03,2.396046699783882559e+03,9.658477505739205826e-01,9.655150386382035377e-01
3.250000000000000805e-02,4.200000000000000000e+03,1.984000000000000000e+03,2.405846787312593278e+03,9.724892361638287630e-01,9.722956576368012582e-01
3.250000000000000805e-02,4.200000000000000000e+03,2.380000000000000000e+03,2.395743530417382317e+03,9.763664145926608251e-01,9.764361274336534890e-01
3.250000000000000805e-02,4.200000000000000000e+03,2.578000000000000000e+03,2.389170959576247697e+03,9.777436781606134719e-01,9.779087885482021791e-01
5.500000000000000722e-02,3.250000000000000000e+03,5.302999999999999545e+02,2.732719309273545605e+03,9.923895080377442834e-01,9.913240523481955391e-01
5.500000000000000722e-02,3.250000000000000000e+03,6.660000000000000000e+02,2.720370423395679154e+03,9.940056828290280144e-01,9.932101299495104119e-01
5.500000000000000722e-02,3.250000000000000000e+03,7.320000000000000000e+02,2.589639715169234023e+03,9.945632347286971209e-01,9.941978428096045484e-01
5.500000000000000722e-02,3.250000000000000000e+03,9.296999999999999318e+02,2.516930136704287179e+03,9.957313762977125782e-01,9.956002143317126407e-01
5.500000000000000722e-02,3.250000000000000000e+03,9.956000000000000227e+02,2.496690176994942249e+03,9.960100073341092708e-01,9.959259327060953071e-01
5.500000000000000722e-02,3.250000000000000000e+03,1.128000000000000000e+03,2.466593095295177591e+03,9.964625369794278820e-01,9.964401464926118113e-01
5.500000000000000722e-02,3.250000000000000000e+03,1.325000000000000000e+03,2.459133196914820019e+03,9.969522568504527449e-01,9.969455101690875010e-01
5.500000000000000722e-02,3.250000000000000000e+03,1.589000000000000000e+03,2.475110441302441814e+03,9.973977844197619014e-01,9.973746979069724183e-01
5.500000000000000722e-02,3.250000000000000000e+03,1.984000000000000000e+03,2.468966259456251009e+03,9.978178340958113735e-01,9.978046755016332092e-01
5.500000000000000722e-02,3.250000000000000000e+03,2.380000000000000000e+03,2.448871876503888416e+03,9.980820726176741209e-01,9.980897125737228093e-01
5.500000000000000722e-02,3.250000000000000000e+03,2.578000000000000000e+03,2.438733396052272838e+03,9.981796810623321248e-01,9.981951318161461639e-01
5.500000000000000722e-02,3.487500000000000000e+03,5.302999999999999545e+02,2.591877795874886033e+03,9.472381168210161073e-01,9.402322408593940528e-01
5.500000000000000722e-02,3.487500000000000000e+03,6.660000000000000000e+02,2.617138485397574186e+03,9.605562740888499151e-01,9.555200397793437439e-01
5.500000000000000722e-02,3.487500000000000000e+03,7.320000000000000000e+02,2.507291702949721184e+03,9.648692941572399873e-01,9.625833229871247898e-01
5.500000000000000722e-02,3.487500000000000000e+03,9.296999999999999318e+02,2.458904229582614789e+03,9.734445668176644473e-01,9.726474097525696916e-01
5.500000000000000722e-02,3.487500000000000000e+03,9.956000000000000227e+02,2.443958481951779959e+03,9.753987724858663722e-01,9.748913393661059468e-01
5.500000000000000722e-02,3.487500000000000000e+03,1.128000000000000000e+03,2.421849990189905839e+03,9.784987076987957666e-01,9.783650832441694867e-01
5.500000000000000722e-02,3.487500000000000000e+03,1.325000000000000000e+03,2.421556412788183934e+03,9.817514634444568511e-01,9.817116845802004166e-01
5.500000000000000722e-02,3.487500000000000000e+03,1.589000000000000000e+03,2.443124435372867538e+03,9.846202465419774397e-01,9.844855627520691099e-01
5.500000000000000722e-02,3.487500000000000000e+03,1.984000000000000000e+03,2.442656736158621698e+03,9.872480560467041810e-01,9.871719804390545194e-01
5.500000000000000722e-02,3.487500000000000000e+03,2.380000000000000000e+03,2.426344057868568143e+03,9.888640706862263929e-01,9.889080219175583331e-01
5.500000000000000722e-02,3.487500000000000000e+03,2.578000000000000000e+03,2.417594368471775852e+03,9.894540031145518943e-01,9.895427410069103091e-01
5.500000000000000722e-02,3.725000000000000000e+03,5.302999999999999545e+02,2.407962928248297430e+03,8.874049223124484964e-01,8.735150953245536254e-01
5.500000000000000722e-02,3.725000000000000000e+03,6.660000000000000000e+02,2.491142097563403695e+03,9.193235960391639150e-01,9.095186248037540055e-01
5.500000000000000722e-02,3.725000000000000000e+03,7.320000000000000000e+02,2.408891537868496016e+03,9.292304449461554761e-01,9.248061637619197084e-01
5.500000000000000722e-02,3.725000000000000000e+03,9.296999999999999318e+02,2.393274960032831586e+03,9.482004567796009642e-01,9.466870090734487153e-01
5.500000000000000722e-02,3.725000000000000000e+03,9.956000000000000227e+02,2.385114353249617579e+03,9.523771396262180611e-01,9.514185054910930806e-01
5.500000000000000722e-02,3.725000000000000000e+03,1.128000000000000000e+03,2.373005633430347189e+03,9.588835931766586107e-01,9.586332198502165447e-01
5.500000000000000722e-02,3.725000000000000000e+03,1.325000000000000000e+03,2.381504545754031824e+03,9.655483044023680517e-01,9.654744473847194364e-01
5.500000000000000722e-02,3.725000000000000000e+03,1.589000000000000000e+03,2.409746597461404235e+03,9.712836125287602762e-01,9.710355726230565088e-01
5.500000000000000722e-02,3.725000000000000000e+03,1.984000000000000000e+03,2.415701151984195349e+03,9.764173242717432144e-01,9.762781872099628444e-01
5.500000000000000722e-02,3.725000000000000000e+03,2.380000000000000000e+03,2.403499506280159949e+03,9.795171596065308517e-01,9.795972400234473909e-01
5.500000000000000722e-02,3.725000000000000000e+03,2.578000000000000000e+03,2.396233247845103051e+03,9.806379658110253583e-01,9.807994455510813392e-01
5.500000000000000722e-02,3.962500000000000000e+03,5.302999999999999545e+02,2.190232376729550651e+03,8.152599618862127473e-01,7.945309377057639955e-01
5.500000000000000722e-02,3.962500000000000000e+03,6.660000000000000000e+02,2.346855362832411629e+03,8.715466842039507611e-01,8.568393847562617571e-01
5.500000000000000722e-02,3.962500000000000000e+03,7.320000000000000000e+02,2.297380058240872131e+03,8.886352625357677448e-01,8.819953928871588911e-01
5.500000000000000722e-02,3.962500000000000000e+03,9.296999999999999318e+02,2.321564988149948931e+03,9.205724494547643522e-01,9.183213177357446577e-01
5.500000000000000722e-02,3.962500000000000000e+03,9.956000000000000227e+02,2.321425939261656367e+03,9.274350009795714334e-01,9.260132935477047855e-01
5.500000000000000722e-02,3.962500000000000000e+03,1.128000000000000000e+03,2.320972892102313381e+03,9.379826972685947339e-01,9.376133311258812997e-01
5.500000000000000722e-02,3.962500000000000000e+03,1.325000000000000000e+03,2.339589912634831762e+03,9.485903066314924637e-01,9.484820350375575693e-01
5.500000000000000722e-02,3.962500000000000000e+03,1.589000000000000000e+03,2.375371310240903313e+03,9.575451246233829261e-01,9.571836486301331659e-01
5.500000000000000722e-02,3.962500000000000000e+03,1.984000000000000000e+03,2.388321762946565741e+03,9.654148566595107672e-01,9.652131180582517178e-01
5.500000000000000722e-02,3.962500000000000000e+03,2.380000000000000000e+03,2.380474634190332836e+03,9.700971755223233295e-01,9.702129646815332853e-01
5.500000000000000722e-02,3.962500000000000000e+03,2.578000000000000000e+03,2.374760070457337861e+03,9.717770132928738036e-01,9.720102842726123793e-01
5.500000000000000722e-02,4.200000000000000000e+03,5.302999999999999545e+02,1.953836216541993053e+03,7.352736196629184873e-01,7.087756247903734819e-01
5.500000000000000722e-02,4.200000000000000000e+03,6.660000000000000000e+02,2.190369895480048854e+03,8.190435412199568166e-01,7.997063744766378379e-01
5.500000000000000722e-02,4.200000000000000000e+03,7.320000000000000000e+02,2.176535329110995463e+03,8.443912554741093146e-01,8.356014608231447927e-01
5.500000000000000722e-02,4.200000000000000000e+03,9.296999999999999318e+02,2.245398663620501338e+03,8.911759613871964580e-01,8.881928656501927311e-01
5.500000000000000722e-02,4.200000000000000000e+03,9.956000000000000227e+02,2.254190149708734680e+03,9.010750602241509588e-01,8.991930388606291791e-01
5.500000000000000722e-02,4.200000000000000000e+03,1.128000000000000000e+03,2.266626684003014816e+03,9.161465861920011777e-01,9.156588613501105423e-01
5.500000000000000722e-02,4.200000000000000000e+03,1.325000000000000000e+03,2.296362578637411843e+03,9.310998731817090590e-01,9.309574468617833887e-01
5.500000000000000722e-02,4.200000000000000000e+03,1.589000000000000000e+03,2.340334623098905467e+03,9.435388455006435970e-01,9.430652058039928898e-01
5.500000000000000722e-02,4.200000000000000000e+03,1.984000000000000000e+03,2.360699891778672736e+03,9.543134645378886782e-01,9.540500525072881377e-01
5.500000000000000722e-02,4.200000000000000000e+03,2.380000000000000000e+03,2.357378036662582872e+03,9.606485586075378391e-01,9.607994561149627577e-01
5.500000000000000722e-02,4.200000000000000000e+03,2.578000000000000000e+03,2.353261675965168251e+03,9.629069926704275639e-01,9.632108014104492355e-01
7.750000000000001332e-02,3.250000000000000000e+03,5.302999999999999545e+02,2.723179591387347955e+03,9.893094088677739650e-01,9.878634145281633971e-01
7.750000000000001332e-02,3.250000000000000000e+03,6.660000000000000000e+02,2.712931353440306339e+03,9.915741242747150297e-01,9.904941176103316813e-01
7.750000000000001332e-02,3.250000000000000000e+03,7.320000000000000000e+02,2.583558399402385930e+03,9.923561045081609189e-01,9.918631431286301092e-01
7.750000000000001332e-02,3.250000000000000000e+03,9.296999999999999318e+02,2.512434704848520596e+03,9.939956063501160788e-01,9.938219953601780121e-01
7.750000000000001332e-02,3.250000000000000000e+03,9.956000000000000227e+02,2.492558270205336157e+03,9.943868997008465938e-01,9.942777213416215121e-01
7.750000000000001332e-02,3.250000000000000000e+03,1.128000000000000000e+03,2.463022079356114318e+03,9.950225960365634004e-01,9.949975479333946771e-01
7.750000000000001332e-02,3.250000000000000000e+03,1.325000000000000000e+03,2.456076915884008940e+03,9.957108006257330279e-01,9.957064777916202480e-01
7.750000000000001332e-02,3.250000000000000000e+03,1.589000000000000000e+03,2.472466910050208298e+03,9.963371409523890110e-01,9.963094560736760474e-01
7.750000000000001332e-02,3.250000000000000000e+03,1.984000000000000000e+03,2.466760797272704622e+03,9.969278723636265660e-01,9.969133630059859863e-01
7.750000000000001332e-02,3.250000000000000000e+03,2.380000000000000000e+03,2.446966754144019887e+03,9.972995847250677448e-01,9.973132395181811827e-01
7.750000000000001332e-02,3.250000000000000000e+03,2.578000000000000000e+03,2.436940490629147007e+03,9.974369138018820413e-01,9.974612797812874021e-01
7.750000000000001332e-02,3.487500000000000000e+03,5.302999999999999545e+02,2.530802228996486974e+03,9.272245255091782212e-01,9.180764057350566665e-01
7.750000000000001332e-02,3.487500000000000000e+03,6.660000000000000000e+02,2.570955988724588224e+03,9.453028021936267233e-01,9.386587612095254052e-01
7.750000000000001332e-02,3.487500000000000000e+03,7.320000000000000000e+02,2.469801563391826676e+03,9.511989928776747316e-01,9.481903494561895185e-01
7.750000000000001332e-02,3.487500000000000000e+03,9.296999999999999318e+02,2.431853376848702737e+03,9.629831166229919637e-01,9.619471386616114117e-01
7.750000000000001332e-02,3.487500000000000000e+03,9.956000000000000227e+02,2.419242382922570869e+03,9.656800348410109480e-01,9.650321248727206092e-01
7.750000000000001332e-02,3.487500000000000000e+03,1.128000000000000000e+03,2.400696412542480175e+03,9.699668951706144071e-01,9.698195821438669872e-01
7.750000000000001332e-02,3.487500000000000000e+03,1.325000000000000000e+03,2.403647995346424977e+03,9.744766924489063342e-01,9.744515181178086127e-01
7.750000000000001332e-02,3.487500000000000000e+03,1.589000000000000000e+03,2.427784594457027652e+03,9.784640274696932982e-01,9.783041944607511198e-01
7.750000000000001332e-02,3.487500000000000000e+03,1.984000000000000000e+03,2.429961730472052295e+03,9.821246023666679870e-01,9.820414380587919601e-01
7.750000000000001332e-02,3.487500000000000000e+03,2.380000000000000000e+03,2.415424662662757328e+03,9.843796235429879138e-01,9.844575906283534739e-01
7.750000000000001332e-02,3.487500000000000000e+03,2.578000000000000000e+03,2.407332630084080392e+03,9.852035674878099059e-01,9.853425207945862851e-01
7.750000000000001332e-02,3.725000000000000000e+03,5.302999999999999545e+02,2.290959539053893877e+03,8.483294894521939966e-01,8.310708261597475888e-01
7.750000000000001332e-02,3.725000000000000000e+03,6.660000000000000000e+02,2.403322855500156038e+03,8.899516466326140574e-01,8.774557262839154381e-01
7.750000000000001332e-02,3.725000000000000000e+03,7.320000000000000000e+02,2.337583393284936392e+03,9.030850652112927257e-01,8.974299989987463144e-01
7.750000000000001332e-02,3.725000000000000000e+03,9.296999999999999318e+02,2.342487620175637403e+03,9.285243550903171661e-01,9.265975017367972244e-01
7.750000000000001332e-02,3.725000000000000000e+03,9.956000000000000227e+02,2.338880937285958680e+03,9.341774210809318246e-01,9.329760658403646323e-01
7.750000000000001332e-02,3.725000000000000000e+03,1.128000000000000000e+03,2.333688133642097910e+03,9.430216407753849728e-01,9.427499615521801601e-01
7.750000000000001332e-02,3.725000000000000000e+03,1.325000000000000000e+03,2.348472253625999656e+03,9.521291152194298890e-01,9.520829827137734513e-01
7.750000000000001332e-02,3.725000000000000000e+03,1.589000000000000000e+03,2.381652312370863456e+03,9.600058354420851758e-01,9.597146518926079617e-01
7.750000000000001332e-02,3.725000000000000000e+03,1.984000000000000000e+03,2.392586393749618310e+03,9.670873890593045807e-01,9.669366201669890026e-01
7.750000000000001332e-02,3.725000000000000000e+03,2.380000000000000000e+03,2.383678183780602012e+03,9.713776523008604835e-01,9.715186393150025967e-01
7.750000000000001332e-02,3.725000000000000000e+03,2.578000000000000000e+03,2.377624208480977359e+03,9.729315383843177845e-01,9.731826012781015223e-01
7.750000000000001332e-02,3.962500000000000000e+03,5.302999999999999545e+02,2.022442788225609092e+03,7.579755995941619418e-01,7.336634149224667834e-01
7.750000000000001332e-02,3.962500000000000000e+03,6.660000000000000000e+02,2.218587322824871990e+03,8.280342434116725325e-01,8.100085871602361598e-01
7.750000000000001332e-02,3.962500000000000000e+03,7.320000000000000000e+02,2.192422666980608938e+03,8.499145969186853167e-01,8.417008255129254657e-01
7.750000000000001332e-02,3.962500000000000000e+03,9.296999999999999318e+02,2.246929848460421454e+03,8.916015607152510958e-01,8.887985431509604073e-01
7.750000000000001332e-02,3.962500000000000000e+03,9.956000000000000227e+02,2.253583061416652981e+03,9.006971911106698148e-01,8.989508722597839840e-01
7.750000000000001332e-02,3.962500000000000000e+03,1.128000000000000000e+03,2.263461191881699506e+03,9.147742214325398358e-01,9.143800839793714275e-01
7.750000000000001332e-02,3.962500000000000000e+03,1.325000000000000000e+03,2.291495964067968998e+03,9.290512093511534841e-01,9.289844957622591659e-01
7.750000000000001332e-02,3.962500000000000000e+03,1.589000000000000000e+03,2.334660654541020904e+03,9.411984801857229410e-01,9.407788138184394189e-01
7.750000000000001332e-02,3.962500000000000000e+03,1.984000000000000000e+03,2.354958189760836376e+03,9.519462754997187748e-01,9.517296088411215660e-01
7.750000000000001332e-02,3.962500000000000000e+03,2.380000000000000000e+03,2.351921993529848351e+03,9.583734187440072771e-01,9.585757299272475995e-01
7.750000000000001332e-02,3.962500000000000000e+03,2.578000000000000000e+03,2.347970966896206846e+03,9.606851659287977130e-01,9.610452674307851106e-01
7.750000000000001332e-02,4.200000000000000000e+03,5.302999999999999545e+02,1.748258644883815577e+03,6.634264249012499226e-01,6.342000945789439958e-01
7.750000000000001332e-02,4.200000000000000000e+03,6.660000000000000000e+02,2.026453587152587943e+03,7.625907462872674181e-01,7.398603562672707579e-01
7.750000000000001332e-02,4.200000000000000000e+03,7.320000000000000000e+02,2.040449299628432982e+03,7.938558803862630908e-01,7.833561866425060582e-01
7.750000000000001332e-02,4.200000000000000000e+03,9.296999999999999318e+02,2.147743106026611713e+03,8.531927379712718196e-01,8.495641041071851918e-01
7.750000000000001332e-02,4.200000000000000000e+03,9.956000000000000227e+02,2.165372330910964138e+03,8.660275375877484194e-01,8.637637453735382831e-01
7.750000000000001332e-02,4.200000000000000000e+03,1.128000000000000000e+03,2.191353002004237169e+03,8.857617094457768125e-01,8.852502305706895225e-01
7.750000000000001332e-02,4.200000000000000000e+03,1.325000000000000000e+03,2.233538950761282194e+03,9.055749610481996781e-01,9.054884182535658521e-01
7.750000000000001332e-02,4.200000000000000000e+03,1.589000000000000000e+03,2.287298081354638271e+03,9.222372447707101184e-01,9.216935110636226280e-01
7.750000000000001332e-02,4.200000000000000000e+03,1.984000000000000000e+03,2.317334076079258011e+03,9.368046361704681635e-01,9.365242505664597150e-01
7.750000000000001332e-02,4.200000000000000000e+03,2.380000000000000000e+03,2.320307092574469607e+03,9.454287470004903993e-01,9.456904059908034510e-01
7.750000000000001332e-02,4.200000000000000000e+03,2.578000000000000000e+03,2.318492610753452936e+03,9.485138525986196445e-01,9.489795157404725678e-01
1.000000000000000056e-01,3.250000000000000000e+03,5.302999999999999545e+02,2.713777685012908023e+03,9.862483700705725331e-01,9.844527693531249790e-01
1.000000000000000056e-01,3.250000000000000000e+03,6.660000000000000000e+02,2.705587807245723980e+03,9.891544329544986747e-01,9.878129810976404857e-01
1.000000000000000056e-01,3.250000000000000000e+03,7.320000000000000000e+02,2.577534005288151093e+03,9.901587487030402146e-01,9.895502964428448678e-01
1.000000000000000056e-01,3.250000000000000000e+03,9.296999999999999318e+02,2.507969770932927531e+03,9.922658774983539320e-01,9.920558401942017879e-01
1.000000000000000056e-01,3.250000000000000000e+03,9.956000000000000227e+02,2.488451967302407411e+03,9.927690735249647958e-01,9.926397233287902466e-01
1.000000000000000056e-01,3.250000000000000000e+03,1.128000000000000000e+03,2.459469650354817531e+03,9.935868106699496938e-01,9.935624580188041621e-01
1.000000000000000056e-01,3.250000000000000000e+03,1.325000000000000000e+03,2.453034780628304816e+03,9.944724324059519560e-01,9.944731801856564468e-01
1.000000000000000056e-01,3.250000000000000000e+03,1.589000000000000000e+03,2.469835228956829269e+03,9.952787508879288314e-01,9.952489894004736826e-01
1.000000000000000056e-01,3.250000000000000000e+03,1.984000000000000000e+03,2.464564437125949098e+03,9.960394967447937509e-01,9.960257289951426340e-01
1.000000000000000056e-01,3.250000000000000000e+03,2.380000000000000000e+03,2.445068204016131858e+03,9.965183227990765946e-01,9.965394451152841393e-01
1.000000000000000056e-01,3.250000000000000000e+03,2.578000000000000000e+03,2.435153358113506329e+03,9.966952511380984259e-01,9.967297906484816616e-01
1.000000000000000056e-01,3.487500000000000000e+03,5.302999999999999545e+02,2.472969603040442507e+03,9.080391443391873096e-01,8.970969831774123771e-01
1.000000000000000056e-01,3.487500000000000000e+03,6.660000000000000000e+02,2.526701408366971464e+03,9.305262027744491959e-01,9.225013669334236610e-01
1.000000000000000056e-01,3.487500000000000000e+03,7.320000000000000000e+02,2.433584815895062547e+03,9.379106426973712329e-01,9.342862484247029808e-01
1.000000000000000056e-01,3.487500000000000000e+03,9.296999999999999318e+02,2.405475924891154136e+03,9.527441306439730084e-01,9.515132388725425772e-01
1.000000000000000056e-01,3.487500000000000000e+03,9.956000000000000227e+02,2.395090891286977239e+03,9.561530588092383987e-01,9.553981314140798098e-01
1.000000000000000056e-01,3.487500000000000000e+03,1.128000000000000000e+03,2.379957051513392798e+03,9.615825792466904387e-01,9.614414138998201853e-01
1.000000000000000056e-01,3.487500000000000000e+03,1.325000000000000000e+03,2.386040241300624530e+03,9.673089404407091418e-01,9.673132421748278365e-01
1.000000000000000056e-01,3.487500000000000000e+03,1.589000000000000000e+03,2.412671656405796057e+03,9.723843120984584365e-01,9.722142593322797843e-01
1.000000000000000056e-01,3.487500000000000000e+03,1.984000000000000000e+03,2.417427351852352785e+03,9.770540518128386642e-01,9.769758112834797670e-01
1.000000000000000056e-01,3.487500000000000000e+03,2.380000000000000000e+03,2.404623572688557942e+03,9.799356662496251369e-01,9.800553771474170839e-01
1.000000000000000056e-01,3.487500000000000000e+03,2.578000000000000000e+03,2.397175413848317930e+03,9.809894931820253294e-01,9.811850824227845713e-01
1.000000000000000056e-01,3.725000000000000000e+03,5.302999999999999545e+02,2.185566062034238712e+03,8.125501641557780763e-01,7.928381806130063714e-01
1.000000000000000056e-01,3.725000000000000000e+03,6.660000000000000000e+02,2.322073351427866783e+03,8.623984290965415189e-01,8.477914460800300978e-01
1.000000000000000056e-01,3.725000000000000000e+03,7.320000000000000000e+02,2.270682926277966999e+03,8.783707053197644665e-01,8.717460014945075386e-01
1.000000000000000056e-01,3.725000000000000000e+03,9.296999999999999318e+02,2.293965230609984246e+03,9.096482500003917337e-01,9.074039211335995780e-01
1.000000000000000056e-01,3.725000000000000000e+03,9.956000000000000227e+02,2.294532647702185386e+03,9.166602445771935281e-01,9.152856002493154897e-01
1.000000000000000056e-01,3.725000000000000000e+03,1.128000000000000000e+03,2.295739220672832289e+03,9.276759288126987801e-01,9.274195771160698154e-01
1.000000000000000056e-01,3.725000000000000000e+03,1.325000000000000000e+03,2.316412019698122094e+03,9.390778128958764404e-01,9.390855955411439027e-01
1.000000000000000056e-01,3.725000000000000000e+03,1.589000000000000000e+03,2.354269490844940265e+03,9.489869495704748026e-01,9.486804237258492645e-01
1.000000000000000056e-01,3.725000000000000000e+03,1.984000000000000000e+03,2.369962541855619293e+03,9.579340664424998986e-01,9.577934473466928056e-01
1.000000000000000056e-01,3.725000000000000000e+03,2.380000000000000000e+03,2.364217846457461292e+03,9.633723041243664742e-01,9.635871657774116583e-01
1.000000000000000056e-01,3.725000000000000000e+03,2.578000000000000000e+03,2.359333873927283094e+03,9.653452897618602924e-01,9.656962057006511779e-01
1.000000000000000056e-01,3.962500000000000000e+03,5.302999999999999545e+02,1.879544026257673522e+03,7.082129140176118831e-01,6.818253138380008238e-01
1.000000000000000056e-01,3.962500000000000000e+03,6.660000000000000000e+02,2.104425900041784189e+03,7.886599669237158716e-01,7.683281304906336429e-01
1.000000000000000056e-01,3.962500000000000000e+03,7.320000000000000000e+02,2.097067683970110920e+03,8.144274038018894935e-01,8.050927530251322795e-01
1.000000000000000056e-01,3.962500000000000000e+03,9.296999999999999318e+02,2.177163494275102948e+03,8.643984952242339537e-01,8.612016718007701188e-01
1.000000000000000056e-01,3.962500000000000000e+03,9.956000000000000227e+02,2.189773682444107180e+03,8.754578739014988731e-01,8.734974075671330107e-01
1.000000000000000056e-01,3.962500000000000000e+03,1.128000000000000000e+03,2.208854862817188859e+03,8.926865077626479072e-01,8.923205320264161466e-01
1.000000000000000056e-01,3.962500000000000000e+03,1.325000000000000000e+03,2.245436897711616894e+03,9.103008006923728468e-01,9.103119084196322763e-01
1.000000000000000056e-01,3.962500000000000000e+03,1.589000000000000000e+03,2.295413077211705513e+03,9.254005882744942291e-01,9.249635435463751110e-01
1.000000000000000056e-01,3.962500000000000000e+03,1.984000000000000000e+03,2.322589060631985376e+03,9.388483261668622015e-01,9.386479928963995523e-01
1.000000000000000056e-01,3.962500000000000000e+03,2.380000000000000000e+03,2.324098507932359553e+03,9.469296447374477843e-01,9.472356777957973151e-01
1.000000000000000056e-01,3.962500000000000000e+03,2.578000000000000000e+03,2.321824964265362269e+03,9.498436654479582852e-01,9.503434774832619780e-01
1.000000000000000056e-01,4.200000000000000000e+03,5.302999999999999545e+02,1.582963662484449060e+03,6.043704239803727729e-01,5.742375176582561469e-01
1.000000000000000056e-01,4.200000000000000000e+03,6.660000000000000000e+02,1.886340592977431243e+03,7.134182058207865218e-01,6.887049533282051383e-01
1.000000000000000056e-01,4.200000000000000000e+03,7.320000000000000000e+02,1.920911322260354609e+03,7.490278427449864607e-01,7.374639343199081987e-01
1.000000000000000056e-01,4.200000000000000000e+03,9.296999999999999318e+02,2.058505479278105668e+03,8.183149571633749897e-01,8.142651504248230587e-01
1.000000000000000056e-01,4.200000000000000000e+03,9.956000000000000227e+02,2.083517817484170791e+03,8.336043055419984915e-01,8.311121038595308264e-01
1.000000000000000056e-01,4.200000000000000000e+03,1.128000000000000000e+03,2.121076653290310333e+03,8.573276199074437720e-01,8.568603938598674530e-01
1.000000000000000056e-01,4.200000000000000000e+03,1.325000000000000000e+03,2.174185931893224279e+03,8.814121736461933976e-01,8.814263927603037674e-01
1.000000000000000056e-01,4.200000000000000000e+03,1.589000000000000000e+03,2.236728891083727831e+03,9.018762310475304522e-01,9.013160644542870248e-01
1.000000000000000056e-01,4.200000000000000000e+03,1.984000000000000000e+03,2.275629169760095920e+03,9.199267031283303586e-01,9.196696862899182978e-01
1.000000000000000056e-01,4.200000000000000000e+03,2.380000000000000000e+03,2.284451196556624836e+03,9.306836770131616809e-01,9.310765744980690206e-01
1.000000000000000056e-01,4.200000000000000000e+03,2.578000000000000000e+03,2.284794365064235535e+03,9.345446610645968821e-01,9.351865259646436890e-01
