f_spot,tempSpot,wavelength,D_lambda,epsilon_Rackham,epsilon_ourWork
0.000000000000000000e+00,nan,4.180000000000000000e+02,5.797805496623786894e+03,nan,nan
0.000000000000000000e+00,nan,5.580000000000000000e+02,5.855206182656669625e+03,nan,nan
0.000000000000000000e+00,nan,6.660000000000000000e+02,5.680671916860058445e+03,nan,nan
0.000000000000000000e+00,nan,7.980000000000000000e+02,5.343364594193378252e+03,nan,nan
0.000000000000000000e+00,nan,9.296999999999999318e+02,5.201668143325677192e+03,nan,nan
0.000000000000000000e+00,nan,1.128000000000000000e+03,5.100471951697160875e+03,nan,nan
0.000000000000000000e+00,nan,1.325000000000000000e+03,5.068542559249045553e+03,nan,nan
0.000000000000000000e+00,nan,1.655000000000000000e+03,5.021165385051152043e+03,nan,nan
0.000000000000000000e+00,nan,2.117000000000000000e+03,5.021063444232698203e+03,nan,nan
0.000000000000000000e+00,nan,2.578000000000000000e+03,5.042262418984977558e+03,nan,nan
1.000000000000000194e-02,1.924800000000000182e+03,4.180000000000000000e+02,5.864307290318060041e+03,1.010098538300738369e+00,1.011470166381573055e+00
1.000000000000000194e-02,1.924800000000000182e+03,5.580000000000000000e+02,5.922898453113001779e+03,1.010081063800395196e+00,1.011561039585051613e+00
1.000000000000000194e-02,1.924800000000000182e+03,6.660000000000000000e+02,5.744281489832858824e+03,1.010046266360667966e+00,1.011197543865191228e+00
1.000000000000000194e-02,1.924800000000000182e+03,7.980000000000000000e+02,5.399495582531832042e+03,1.009971627451371701e+00,1.010504802236301014e+00
1.000000000000000194e-02,1.924800000000000182e+03,9.296999999999999318e+02,5.254373334645511932e+03,1.009862668322401014e+00,1.010132363285701329e+00
1.000000000000000194e-02,1.924800000000000182e+03,1.128000000000000000e+03,5.150104477880113336e+03,1.009647560498935448e+00,1.009730967379682820e+00
1.000000000000000194e-02,1.924800000000000182e+03,1.325000000000000000e+03,5.116303387557863061e+03,1.009397060872365026e+00,1.009422990485038696e+00
1.000000000000000194e-02,1.924800000000000182e+03,1.655000000000000000e+03,5.065864913316952880e+03,1.008955025813212725e+00,1.008902221862454152e+00
1.000000000000000194e-02,1.924800000000000182e+03,2.117000000000000000e+03,5.062880579567386121e+03,1.008380195330271567e+00,1.008328342352001084e+00
1.000000000000000194e-02,1.924800000000000182e+03,2.578000000000000000e+03,5.081977133585602132e+03,1.007900132881573318e+00,1.007876368046829896e+00
1.000000000000000194e-02,2.331100000000000364e+03,4.180000000000000000e+02,5.863955084616678505e+03,1.010045126734094412e+00,1.011409418275830863e+00
1.000000000000000194e-02,2.331100000000000364e+03,5.580000000000000000e+02,5.921645982619461392e+03,1.009894807626364521e+00,1.011347132430551854e+00
1.000000000000000194e-02,2.331100000000000364e+03,6.660000000000000000e+02,5.742172573843351529e+03,1.009713558438463554e+00,1.010826299755273938e+00
1.000000000000000194e-02,2.331100000000000364e+03,7.980000000000000000e+02,5.396493091563425878e+03,1.009438503596693737e+00,1.009942892054901620e+00
1.000000000000000194e-02,2.331100000000000364e+03,9.296999999999999318e+02,5.250469118971756870e+03,1.009132257065759486e+00,1.009381793359635404e+00
1.000000000000000194e-02,2.331100000000000364e+03,1.128000000000000000e+03,5.145014242708633901e+03,1.008658194953428566e+00,1.008732974405760929e+00
1.000000000000000194e-02,2.331100000000000364e+03,1.325000000000000000e+03,5.110266292435272590e+03,1.008209274158162305e+00,1.008231899544789201e+00
1.000000000000000194e-02,2.331100000000000364e+03,1.655000000000000000e+03,5.058861143016235474e+03,1.007551840712019864e+00,1.007507372307892890e+00
1.000000000000000194e-02,2.331100000000000364e+03,2.117000000000000000e+03,5.055180597956954443e+03,1.006837046648655809e+00,1.006794806339968540e+00
1.000000000000000194e-02,2.331100000000000364e+03,2.578000000000000000e+03,5.073997016839193748e+03,1.006312681704249146e+00,1.006293721987719270e+00
1.000000000000000194e-02,2.737400000000000091e+03,4.180000000000000000e+02,5.861023718932378870e+03,1.009600558916932789e+00,1.010903819099382650e+00
1.000000000000000194e-02,2.737400000000000091e+03,5.580000000000000000e+02,5.915872715462899578e+03,1.009036128745001593e+00,1.010361126647585150e+00
1.000000000000000194e-02,2.737400000000000091e+03,6.660000000000000000e+02,5.734913161323685017e+03,1.008568103077499334e+00,1.009548385341994425e+00
1.000000000000000194e-02,2.737400000000000091e+03,7.980000000000000000e+02,5.388464049428276667e+03,1.008012714862293713e+00,1.008440272872996202e+00
1.000000000000000194e-02,2.737400000000000091e+03,9.296999999999999318e+02,5.241761824015811726e+03,1.007503168640244251e+00,1.007707850555898954e+00
1.000000000000000194e-02,2.737400000000000091e+03,1.128000000000000000e+03,5.135650192254482135e+03,1.006838103852075506e+00,1.006897055976480049e+00
1.000000000000000194e-02,2.737400000000000091e+03,1.325000000000000000e+03,5.100530773976208366e+03,1.006293813606771392e+00,1.006311126789059207e+00
1.000000000000000194e-02,2.737400000000000091e+03,1.655000000000000000e+03,5.049081490608342392e+03,1.005592554171105490e+00,1.005559686530203001e+00
1.000000000000000194e-02,2.737400000000000091e+03,2.117000000000000000e+03,5.045602975680685631e+03,1.004917641917798310e+00,1.004887317541500957e+00
1.000000000000000194e-02,2.737400000000000091e+03,2.578000000000000000e+03,5.064703190287956204e+03,1.004463918696174574e+00,1.004450536175682807e+00
1.000000000000000194e-02,3.143699999999999818e+03,4.180000000000000000e+02,5.847588504327427472e+03,1.007562308231477077e+00,1.008586526011027829e+00
1.000000000000000194e-02,3.143699999999999818e+03,5.580000000000000000e+02,5.898894718289638149e+03,1.006509687522399554e+00,1.007461485431952131e+00
1.000000000000000194e-02,3.143699999999999818e+03,6.660000000000000000e+02,5.717736448243360428e+03,1.005856620912294996e+00,1.006524673828336436e+00
1.000000000000000194e-02,3.143699999999999818e+03,7.980000000000000000e+02,5.372693413421281548e+03,1.005211555465893136e+00,1.005488829876923340e+00
1.000000000000000194e-02,3.143699999999999818e+03,9.296999999999999318e+02,5.226777734784415770e+03,1.004699388995129894e+00,1.004827219031832586e+00
1.000000000000000194e-02,3.143699999999999818e+03,1.128000000000000000e+03,5.121612987541546318e+03,1.004109585181211850e+00,1.004144917577156848e+00
1.000000000000000194e-02,3.143699999999999818e+03,1.325000000000000000e+03,5.087225324167387953e+03,1.003675937608405455e+00,1.003686023092427160e+00
1.000000000000000194e-02,3.143699999999999818e+03,1.655000000000000000e+03,5.036970926781791604e+03,1.003166347638846378e+00,1.003147783536008530e+00
1.000000000000000194e-02,3.143699999999999818e+03,2.117000000000000000e+03,5.034620405167444915e+03,1.002716733980648200e+00,1.002700017851859249e+00
1.000000000000000194e-02,3.143699999999999818e+03,2.578000000000000000e+03,5.054491335184429772e+03,1.002432561518312060e+00,1.002425283569813530e+00
1.000000000000000194e-02,3.550000000000000000e+03,4.180000000000000000e+02,5.806107298701123909e+03,1.001262156633678790e+00,1.001431886958293438e+00
1.000000000000000194e-02,3.550000000000000000e+03,5.580000000000000000e+02,5.861654633999902217e+03,1.000961607763486860e+00,1.001101319260512712e+00
1.000000000000000194e-02,3.550000000000000000e+03,6.660000000000000000e+02,5.685816366179041324e+03,1.000813346883214994e+00,1.000905605779434993e+00
1.000000000000000194e-02,3.550000000000000000e+03,7.980000000000000000e+02,5.347224999423860936e+03,1.000686135186333203e+00,1.000722467120188197e+00
1.000000000000000194e-02,3.550000000000000000e+03,9.296999999999999318e+02,5.204850864045651178e+03,1.000595728706956011e+00,1.000611865392462274e+00
1.000000000000000194e-02,3.550000000000000000e+03,1.128000000000000000e+03,5.103049258768588516e+03,1.000501015669609473e+00,1.000505307566796898e+00
1.000000000000000194e-02,3.550000000000000000e+03,1.325000000000000000e+03,5.070762489578606619e+03,1.000436787472296585e+00,1.000437981984685143e+00
1.000000000000000194e-02,3.550000000000000000e+03,1.655000000000000000e+03,5.022993840766432186e+03,1.000366291255987639e+00,1.000364149669461966e+00
1.000000000000000194e-02,3.550000000000000000e+03,2.117000000000000000e+03,5.022600219553363786e+03,1.000307956043672064e+00,1.000306065704553271e+00
1.000000000000000194e-02,3.550000000000000000e+03,2.578000000000000000e+03,5.043633437562866675e+03,1.000272719633255702e+00,1.000271905439258147e+00
3.250000000000000805e-02,1.924800000000000182e+03,4.180000000000000000e+02,6.018767503085719909e+03,1.033583319974207271e+00,1.038111317565000302e+00
3.250000000000000805e-02,1.924800000000000182e+03,5.580000000000000000e+02,6.080147794167989559e+03,1.033523858707839693e+00,1.038417368149665787e+00
3.250000000000000805e-02,1.924800000000000182e+03,6.660000000000000000e+02,5.891967134182385053e+03,1.033405466146493534e+00,1.037195462159187453e+00
3.250000000000000805e-02,1.924800000000000182e+03,7.980000000000000000e+02,5.529732697009959338e+03,1.033151583507313731e+00,1.034878417807968187e+00
3.250000000000000805e-02,1.924800000000000182e+03,9.296999999999999318e+02,5.376588414528926478e+03,1.032781117958544437e+00,1.033627726026254079e+00
3.250000000000000805e-02,1.924800000000000182e+03,1.128000000000000000e+03,5.265094173699358180e+03,1.032050287570311697e+00,1.032275880263868517e+00
3.250000000000000805e-02,1.924800000000000182e+03,1.325000000000000000e+03,5.226863318522734517e+03,1.031200124133019314e+00,1.031235953417178219e+00
3.250000000000000805e-02,1.924800000000000182e+03,1.655000000000000000e+03,5.169193661657356643e+03,1.029702299831778189e+00,1.029480860568128264e+00
3.250000000000000805e-02,1.924800000000000182e+03,2.117000000000000000e+03,5.159384715944348500e+03,1.027759043794027605e+00,1.027548202337600136e+00
3.250000000000000805e-02,1.924800000000000182e+03,2.578000000000000000e+03,5.173465089034822995e+03,1.026140079595374566e+00,1.026020595349390163e+00
3.250000000000000805e-02,2.331100000000000364e+03,4.180000000000000000e+02,6.017566591888678886e+03,1.033401589075417570e+00,1.037904185539315627e+00
3.250000000000000805e-02,2.331100000000000364e+03,5.580000000000000000e+02,6.075877431211074509e+03,1.032890373604735235e+00,1.037688040637755993e+00
3.250000000000000805e-02,2.331100000000000364e+03,6.660000000000000000e+02,5.884787851799244891e+03,1.032274439138957112e+00,1.035931653495667737e+00
3.250000000000000805e-02,2.331100000000000364e+03,7.980000000000000000e+02,5.519536420991677915e+03,1.031340707801700729e+00,1.032970205138115549e+00
3.250000000000000805e-02,2.331100000000000364e+03,9.296999999999999318e+02,5.363352353228378888e+03,1.030302478006203337e+00,1.031083145915442589e+00
3.250000000000000805e-02,2.331100000000000364e+03,1.128000000000000000e+03,5.247873240501466171e+03,1.028698201501317744e+00,1.028899539140737396e+00
3.250000000000000805e-02,2.331100000000000364e+03,1.325000000000000000e+03,5.206474397753013363e+03,1.027182220183890493e+00,1.027213313667904471e+00
3.250000000000000805e-02,2.331100000000000364e+03,1.655000000000000000e+03,5.145602079028255503e+03,1.024967724947999148e+00,1.024782432848671432e+00
3.250000000000000805e-02,2.331100000000000364e+03,2.117000000000000000e+03,5.133520281317083573e+03,1.022567566494081870e+00,1.022397015758395922e+00
3.250000000000000805e-02,2.331100000000000364e+03,2.578000000000000000e+03,5.146723874181690917e+03,1.020811816884081402e+00,1.020717179416009479e+00
3.250000000000000805e-02,2.737400000000000091e+03,4.180000000000000000e+02,6.007584534152842934e+03,1.031890695609765096e+00,1.036182489676691576e+00
3.250000000000000805e-02,2.737400000000000091e+03,5.580000000000000000e+02,6.056247269908166345e+03,1.029976887198479574e+00,1.034335441140738610e+00
3.250000000000000805e-02,2.737400000000000091e+03,6.660000000000000000e+02,5.860168202213245422e+03,1.028393715637120120e+00,1.031597720829546150e+00
3.250000000000000805e-02,2.737400000000000091e+03,7.980000000000000000e+02,5.492398926638997182e+03,1.026519431753595946e+00,1.027891477330140191e+00
3.250000000000000805e-02,2.737400000000000091e+03,9.296999999999999318e+02,5.333996291916331757e+03,1.024804043147864885e+00,1.025439559953559510e+00
3.250000000000000805e-02,2.737400000000000091e+03,1.128000000000000000e+03,5.216398093469520973e+03,1.022571110615751122e+00,1.022728512747489216e+00
3.250000000000000805e-02,2.737400000000000091e+03,1.325000000000000000e+03,5.173827865783131529e+03,1.020748718497310081e+00,1.020772303932214520e+00
3.250000000000000805e-02,2.737400000000000091e+03,1.655000000000000000e+03,5.112910551149707317e+03,1.018407426245051983e+00,1.018271687758323107e+00
3.250000000000000805e-02,2.737400000000000091e+03,2.117000000000000000e+03,5.101600190120736443e+03,1.016161154466797445e+00,1.016039778581277364e+00
3.250000000000000805e-02,2.737400000000000091e+03,2.578000000000000000e+03,5.115822407280145853e+03,1.014654927170185905e+00,1.014588687018391333e+00
3.250000000000000805e-02,3.143699999999999818e+03,4.180000000000000000e+02,5.962128769741892029e+03,1.025002931469847889e+00,1.028342322489741223e+00
3.250000000000000805e-02,3.143699999999999818e+03,5.580000000000000000e+02,5.999029300088332093e+03,1.021470965316582546e+00,1.024563288284821017e+00
3.250000000000000805e-02,3.143699999999999818e+03,6.660000000000000000e+02,5.802484156583797812e+03,1.019288186050978151e+00,1.021443280215180938e+00
3.250000000000000805e-02,3.143699999999999818e+03,7.980000000000000000e+02,5.439634418628602361e+03,1.017138521564560971e+00,1.018016705156118418e+00
3.250000000000000805e-02,3.143699999999999818e+03,9.296999999999999318e+02,5.284000269004885013e+03,1.015436231157535119e+00,1.015828023512966638e+00
3.250000000000000805e-02,3.143699999999999818e+03,1.128000000000000000e+03,5.169705611882346602e+03,1.013480802982314577e+00,1.013573971358110892e+00
3.250000000000000805e-02,3.143699999999999818e+03,1.325000000000000000e+03,5.129669223522648281e+03,1.012046431571756333e+00,1.012060008090897689e+00
3.250000000000000805e-02,3.143699999999999818e+03,1.655000000000000000e+03,5.072826346209535586e+03,1.010364469229766193e+00,1.010288639627801688e+00
3.250000000000000805e-02,3.143699999999999818e+03,2.117000000000000000e+03,5.065336385006280580e+03,1.008883688327500749e+00,1.008817443010889603e+00
3.250000000000000805e-02,3.143699999999999818e+03,2.578000000000000000e+03,5.082165064506205454e+03,1.007949333732012676e+00,1.007913639197156375e+00
3.250000000000000805e-02,3.550000000000000000e+03,4.180000000000000000e+02,5.824767946058240341e+03,1.004113691335775327e+00,1.004650457737872538e+00
3.250000000000000805e-02,3.550000000000000000e+03,5.580000000000000000e+02,5.876131767218795176e+03,1.003132001684887253e+00,1.003573842476138234e+00
3.250000000000000805e-02,3.550000000000000000e+03,6.660000000000000000e+02,5.697366007563209678e+03,1.002648223700557395e+00,1.002938752835488279e+00
3.250000000000000805e-02,3.550000000000000000e+03,7.980000000000000000e+02,5.355900475818797531e+03,1.002233387268159470e+00,1.002346065181298318e+00
3.250000000000000805e-02,3.550000000000000000e+03,9.296999999999999318e+02,5.212005177733791243e+03,1.001938716933603812e+00,1.001987253727706140e+00
3.250000000000000805e-02,3.550000000000000000e+03,1.128000000000000000e+03,5.108843214096547854e+03,1.001630138557392691e+00,1.001641272117299142e+00
3.250000000000000805e-02,3.550000000000000000e+03,1.325000000000000000e+03,5.075752765628660200e+03,1.001420955760232268e+00,1.001422540364479641e+00
3.250000000000000805e-02,3.550000000000000000e+03,1.655000000000000000e+03,5.027104370323609146e+03,1.001191428504107472e+00,1.001182790212435281e+00
3.250000000000000805e-02,3.550000000000000000e+03,2.117000000000000000e+03,5.026055086762237806e+03,1.001001551117803867e+00,1.000994140501306084e+00
3.250000000000000805e-02,3.550000000000000000e+03,2.578000000000000000e+03,5.046714375994909460e+03,1.000886883016505857e+00,1.000882928463455057e+00
5.500000000000000722e-02,1.924800000000000182e+03,4.180000000000000000e+02,6.180502107787311616e+03,1.058186137893462719e+00,1.066007148978415975e+00
5.500000000000000722e-02,1.924800000000000182e+03,5.580000000000000000e+02,6.244833607009559273e+03,1.058080668042657324e+00,1.066543758186855984e+00
5.500000000000000722e-02,1.924800000000000182e+03,6.660000000000000000e+02,6.046523220515465255e+03,1.057870694850947091e+00,1.064402822238258661e+00
5.500000000000000722e-02,1.924800000000000182e+03,7.980000000000000000e+02,5.665909953089131704e+03,1.057420544220126546e+00,1.060363719003240446e+00
5.500000000000000722e-02,1.924800000000000182e+03,9.296999999999999318e+02,5.504271084156187499e+03,1.056763974931555605e+00,1.058174211136245546e+00
5.500000000000000722e-02,1.924800000000000182e+03,1.128000000000000000e+03,5.385081724978091188e+03,1.055469747600405128e+00,1.055800674129033778e+00
5.500000000000000722e-02,1.924800000000000182e+03,1.325000000000000000e+03,5.342086747841312899e+03,1.053965877666594553e+00,1.053969003001288041e+00
5.500000000000000722e-02,1.924800000000000182e+03,1.655000000000000000e+03,5.276656471952412176e+03,1.051320745683229418e+00,1.050882826457359753e+00
5.500000000000000722e-02,1.924800000000000182e+03,2.117000000000000000e+03,5.259465533503093866e+03,1.047897324525436380e+00,1.047480397712207578e+00
5.500000000000000722e-02,1.924800000000000182e+03,2.578000000000000000e+03,5.268130522482872038e+03,1.045052369525104385e+00,1.044794991757561631e+00
5.500000000000000722e-02,2.331100000000000364e+03,4.180000000000000000e+02,6.178366602385132865e+03,1.057863819330751465e+00,1.065638819029537387e+00
5.500000000000000722e-02,2.331100000000000364e+03,5.580000000000000000e+02,6.237240352086281746e+03,1.056957570875035168e+00,1.065246920007908660e+00
5.500000000000000722e-02,2.331100000000000364e+03,6.660000000000000000e+02,6.033777790959149570e+03,1.055866555127488171e+00,1.062159173996844341e+00
5.500000000000000722e-02,2.331100000000000364e+03,7.980000000000000000e+02,5.647853119860268635e+03,1.054214433862326050e+00,1.056984418768237788e+00
5.500000000000000722e-02,2.331100000000000364e+03,9.296999999999999318e+02,5.480871665048292925e+03,1.052379977239292552e+00,1.053675765933062225e+00
5.500000000000000722e-02,2.331100000000000364e+03,1.128000000000000000e+03,5.354702962353408111e+03,1.049550658937020708e+00,1.049844605178478218e+00
5.500000000000000722e-02,2.331100000000000364e+03,1.325000000000000000e+03,5.306184431349114675e+03,1.046882945145062527e+00,1.046885642040515485e+00
5.500000000000000722e-02,2.331100000000000364e+03,1.655000000000000000e+03,5.235229075667646612e+03,1.042996278629497287e+00,1.042632272430977558e+00
5.500000000000000722e-02,2.331100000000000364e+03,2.117000000000000000e+03,5.214186685623789344e+03,1.038797425710030309e+00,1.038462617239564345e+00
5.500000000000000722e-02,2.331100000000000364e+03,2.578000000000000000e+03,5.221426779366433948e+03,1.035734872309205246e+00,1.035532533909157893e+00
5.500000000000000722e-02,2.737400000000000091e+03,4.180000000000000000e+02,6.160640239956993355e+03,1.055187304396076664e+00,1.062581392829492932e+00
5.500000000000000722e-02,2.737400000000000091e+03,5.580000000000000000e+02,6.202435564564457309e+03,1.051805242897712267e+00,1.059302673736117750e+00
5.500000000000000722e-02,2.737400000000000091e+03,6.660000000000000000e+02,5.990242224299447116e+03,1.049014388421488420e+00,1.054495368148368861e+00
5.500000000000000722e-02,2.737400000000000091e+03,7.980000000000000000e+02,5.600030590185100664e+03,1.045718410381152541e+00,1.048034527958402906e+00
5.500000000000000722e-02,2.737400000000000091e+03,9.296999999999999318e+02,5.429272814769680735e+03,1.042709481511784553e+00,1.043756092309742201e+00
5.500000000000000722e-02,2.737400000000000091e+03,1.128000000000000000e+03,5.299550699695343610e+03,1.038803615369202182e+00,1.039031436675568854e+00
5.500000000000000722e-02,2.737400000000000091e+03,1.325000000000000000e+03,5.249119411860569926e+03,1.035624950427065150e+00,1.035626977676651572e+00
5.500000000000000722e-02,2.737400000000000091e+03,1.655000000000000000e+03,5.178272163006147821e+03,1.031553129580081274e+00,1.031288907237098540e+00
5.500000000000000722e-02,2.737400000000000091e+03,2.117000000000000000e+03,5.158755858920339051e+03,1.027659109736409393e+00,1.027422958545922693e+00
5.500000000000000722e-02,2.737400000000000091e+03,2.578000000000000000e+03,5.167887534420212432e+03,1.025054845396539349e+00,1.024914434235361327e+00
5.500000000000000722e-02,3.143699999999999818e+03,4.180000000000000000e+02,6.080459366620605579e+03,1.043057974821530287e+00,1.048751871748960118e+00
5.500000000000000722e-02,3.143699999999999818e+03,5.580000000000000000e+02,6.101916289103614872e+03,1.036883738632393692e+00,1.042135169753322987e+00
5.500000000000000722e-02,3.143699999999999818e+03,6.660000000000000000e+02,5.889268828839777598e+03,1.033083319080304596e+00,1.036720464591628588e+00
5.500000000000000722e-02,3.143699999999999818e+03,7.980000000000000000e+02,5.508017524177510495e+03,1.029351916189034100e+00,1.030814466630830317e+00
5.500000000000000722e-02,3.143699999999999818e+03,9.296999999999999318e+02,5.342330280248442250e+03,1.026405033326859506e+00,1.027041736044474574e+00
5.500000000000000722e-02,3.143699999999999818e+03,1.128000000000000000e+03,5.218607696738541563e+03,1.023028589268067057e+00,1.023161728200872034e+00
5.500000000000000722e-02,3.143699999999999818e+03,1.325000000000000000e+03,5.172746065031153194e+03,1.020557716826138162e+00,1.020558869648230171e+00
5.500000000000000722e-02,3.143699999999999818e+03,1.655000000000000000e+03,5.109139581140231712e+03,1.017666636217080312e+00,1.017520672860327213e+00
5.500000000000000722e-02,3.143699999999999818e+03,2.117000000000000000e+03,5.096376270683155781e+03,1.015126968667682261e+00,1.014999377579457462e+00
5.500000000000000722e-02,3.143699999999999818e+03,2.578000000000000000e+03,5.110091958298035024e+03,1.013527163812354193e+00,1.013452203331914658e+00
5.500000000000000722e-02,3.550000000000000000e+03,4.180000000000000000e+02,5.843426954046826722e+03,1.006981514426594115e+00,1.007868745760720497e+00
5.500000000000000722e-02,3.550000000000000000e+03,5.580000000000000000e+02,5.890582883140593367e+03,1.005311828227858140e+00,1.006041922244977682e+00
5.500000000000000722e-02,3.550000000000000000e+03,6.660000000000000000e+02,5.708895377459221891e+03,1.004489840949322144e+00,1.004968331389707092e+00
5.500000000000000722e-02,3.550000000000000000e+03,7.980000000000000000e+02,5.364573156979801752e+03,1.003785431454557342e+00,1.003969140119966852e+00
5.500000000000000722e-02,3.550000000000000000e+03,9.296999999999999318e+02,5.219159830422315281e+03,1.003285315092561802e+00,1.003362707234424667e+00
5.500000000000000722e-02,3.550000000000000000e+03,1.128000000000000000e+03,5.114638319184461579e+03,1.002761812884745085e+00,1.002777462090069349e+00
5.500000000000000722e-02,3.550000000000000000e+03,1.325000000000000000e+03,5.080743528856679404e+03,1.002407062283558803e+00,1.002407194862233064e+00
5.500000000000000722e-02,3.550000000000000000e+03,1.655000000000000000e+03,5.031215298060942587e+03,1.002017928080282116e+00,1.002001510055755329e+00
5.500000000000000722e-02,3.550000000000000000e+03,2.117000000000000000e+03,5.029508824133888083e+03,1.001696108711374489e+00,1.001681990278551426e+00
5.500000000000000722e-02,3.550000000000000000e+03,2.578000000000000000e+03,5.049793426426974293e+03,1.001501801050749485e+00,1.001493577052563033e+00
7.750000000000001332e-02,1.924800000000000182e+03,4.180000000000000000e+02,6.349958221361640426e+03,1.083988778105290152e+00,1.095234778927886898e+00
7.750000000000001332e-02,1.924800000000000182e+03,5.580000000000000000e+02,6.417414910464325658e+03,1.083832832339921559e+00,1.096018604686020970e+00
7.750000000000001332e-02,1.924800000000000182e+03,6.660000000000000000e+02,6.208372761414837441e+03,1.083522410907870270e+00,1.092894089339780272e+00
7.750000000000001332e-02,1.924800000000000182e+03,7.980000000000000000e+02,5.808395993946224735e+03,1.082857098547444163e+00,1.087029696655585687e+00
7.750000000000001332e-02,1.924800000000000182e+03,9.296999999999999318e+02,5.637757801934651070e+03,1.081887153911121224e+00,1.083836501405520458e+00
7.750000000000001332e-02,1.924800000000000182e+03,1.128000000000000000e+03,5.510367921694237339e+03,1.079976763340923851e+00,1.080364321944890849e+00
7.750000000000001332e-02,1.924800000000000182e+03,1.325000000000000000e+03,5.462246654320823836e+03,1.077759520667371351e+00,1.077675996693240545e+00
7.750000000000001332e-02,1.924800000000000182e+03,1.655000000000000000e+03,5.388491187717003413e+03,1.073866410434550556e+00,1.073155487719930745e+00
7.750000000000001332e-02,1.924800000000000182e+03,2.117000000000000000e+03,5.363310471684812001e+03,1.068840571501455727e+00,1.068162259101749889e+00
7.750000000000001332e-02,1.924800000000000182e+03,2.578000000000000000e+03,5.366083774263619489e+03,1.064674875582816371e+00,1.064221440371567962e+00
7.750000000000001332e-02,2.331100000000000364e+03,4.180000000000000000e+02,6.346793132249395057e+03,1.083512247158484154e+00,1.094688867355984696e+00
7.750000000000001332e-02,2.331100000000000364e+03,5.580000000000000000e+02,6.406161570109314198e+03,1.082173096213197683e+00,1.094096667182206772e+00
7.750000000000001332e-02,2.331100000000000364e+03,6.660000000000000000e+02,6.189514357994862621e+03,1.080562265228936392e+00,1.089574340603014946e+00
7.750000000000001332e-02,2.331100000000000364e+03,7.980000000000000000e+02,5.781745293379270151e+03,1.078125789024091397e+00,1.082042071331287936e+00
7.750000000000001332e-02,2.331100000000000364e+03,9.296999999999999318e+02,5.603283089569365984e+03,1.075424355854759817e+00,1.077208875148832012e+00
7.750000000000001332e-02,2.331100000000000364e+03,1.128000000000000000e+03,5.465709325570555848e+03,1.071265996399093146e+00,1.071608544725329626e+00
7.750000000000001332e-02,2.331100000000000364e+03,1.325000000000000000e+03,5.409566740857018885e+03,1.067354142945360795e+00,1.067282493462676785e+00
7.750000000000001332e-02,2.331100000000000364e+03,1.655000000000000000e+03,5.327875960573269367e+03,1.061670410032314438e+00,1.061083543759631098e+00
7.750000000000001332e-02,2.331100000000000364e+03,2.117000000000000000e+03,5.297272949391751354e+03,1.055550783803670178e+00,1.055010160342887859e+00
7.750000000000001332e-02,2.331100000000000364e+03,2.578000000000000000e+03,5.298142032865161127e+03,1.051100715429656773e+00,1.050746984710028809e+00
7.750000000000001332e-02,2.737400000000000091e+03,4.180000000000000000e+02,6.320557753195732403e+03,1.079560128060173207e+00,1.090163814028662692e+00
7.750000000000001332e-02,2.737400000000000091e+03,5.580000000000000000e+02,6.354734901783731402e+03,1.074578850407853725e+00,1.085313600160944691e+00
7.750000000000001332e-02,2.737400000000000091e+03,6.660000000000000000e+02,6.125362389062472175e+03,1.070478926100032036e+00,1.078281315786357331e+00
7.750000000000001332e-02,2.737400000000000091e+03,7.980000000000000000e+02,5.711523070166868820e+03,1.065649233138742158e+00,1.068900122663081431e+00
7.750000000000001332e-02,2.737400000000000091e+03,9.296999999999999318e+02,5.527715938064004149e+03,1.061251736177724947e+00,1.062681390998901465e+00
7.750000000000001332e-02,2.737400000000000091e+03,1.128000000000000000e+03,5.385195137893483661e+03,1.055559789211836241e+00,1.055822909897893291e+00
7.750000000000001332e-02,2.737400000000000091e+03,1.325000000000000000e+03,5.326469769724951220e+03,1.050941202894976279e+00,1.050887845462645132e+00
7.750000000000001332e-02,2.737400000000000091e+03,1.655000000000000000e+03,5.245213096793155273e+03,1.045042642914505215e+00,1.044620659659813322e+00
7.750000000000001332e-02,2.737400000000000091e+03,2.117000000000000000e+03,5.217097862072583666e+03,1.039420243702101176e+00,1.039042410042648301e+00
7.750000000000001332e-02,2.737400000000000091e+03,2.578000000000000000e+03,5.220893877556087318e+03,1.035670163691902124e+00,1.035426846865115991e+00
7.750000000000001332e-02,3.143699999999999818e+03,4.180000000000000000e+02,6.202714896687222790e+03,1.061760488800596258e+00,1.069838389766477160e+00
7.750000000000001332e-02,3.143699999999999818e+03,5.580000000000000000e+02,6.207621470411761948e+03,1.052768758152595963e+00,1.060188365150822376e+00
7.750000000000001332e-02,3.143699999999999818e+03,6.660000000000000000e+02,5.978127980617365210e+03,1.047256984203363661e+00,1.052362831036671276e+00
7.750000000000001332e-02,3.143699999999999818e+03,7.980000000000000000e+02,5.577866962778399284e+03,1.041862182698295891e+00,1.043886649404357270e+00
7.750000000000001332e-02,3.143699999999999818e+03,9.296999999999999318e+02,5.401783154109773932e+03,1.037613394525292554e+00,1.038471314445706506e+00
7.750000000000001332e-02,3.143699999999999818e+03,1.128000000000000000e+03,5.268327211839118718e+03,1.032757981739575337e+00,1.032909750652800884e+00
7.750000000000001332e-02,3.143699999999999818e+03,1.325000000000000000e+03,5.216459907812054553e+03,1.029213375652182849e+00,1.029183408609855688e+00
7.750000000000001332e-02,3.143699999999999818e+03,1.655000000000000000e+03,5.145914487836078479e+03,1.025075120912858573e+00,1.024844651235015114e+00
7.750000000000001332e-02,3.143699999999999818e+03,2.117000000000000000e+03,5.127740696322491203e+03,1.021448000810196044e+00,1.021245947850415003e+00
7.750000000000001332e-02,3.143699999999999818e+03,2.578000000000000000e+03,5.138259008239054310e+03,1.019167071053293183e+00,1.019038396116123124e+00
7.750000000000001332e-02,3.550000000000000000e+03,4.180000000000000000e+02,5.862075816413736902e+03,1.009865765868412257e+00,1.011085283876352214e+00
7.750000000000001332e-02,3.550000000000000000e+03,5.580000000000000000e+02,5.905001428219702575e+03,1.007501149018157571e+00,1.008504439298914646e+00
7.750000000000001332e-02,3.550000000000000000e+03,6.660000000000000000e+02,5.720399823936461871e+03,1.006338235839379314e+00,1.006993522537094954e+00
7.750000000000001332e-02,3.550000000000000000e+03,7.980000000000000000e+02,5.373240236911658030e+03,1.005342290043008679e+00,1.005591166799799874e+00
7.750000000000001332e-02,3.550000000000000000e+03,9.296999999999999318e+02,5.226312787070308332e+03,1.004635537758584496e+00,1.004737834684100939e+00
7.750000000000001332e-02,3.550000000000000000e+03,1.128000000000000000e+03,5.120433113428024626e+03,1.003896047309546624e+00,1.003913591118606563e+00
7.750000000000001332e-02,3.550000000000000000e+03,1.325000000000000000e+03,5.085733622978483254e+03,1.003395112773703302e+00,1.003391717348425471e+00
7.750000000000001332e-02,3.550000000000000000e+03,1.655000000000000000e+03,5.035326072165280493e+03,1.002845793361170745e+00,1.002820199301996063e+00
7.750000000000001332e-02,3.550000000000000000e+03,2.117000000000000000e+03,5.032960937795704922e+03,1.002391630829343905e+00,1.002369516676128169e+00
7.750000000000001332e-02,3.550000000000000000e+03,2.578000000000000000e+03,5.052868798049336874e+03,1.002117475127753732e+00,1.002103496046620856e+00
1.000000000000000056e-01,1.924800000000000182e+03,4.180000000000000000e+02,6.527628858687739921e+03,1.111081203059698597e+00,1.125879242152733273e+00
1.000000000000000056e-01,1.924800000000000182e+03,5.580000000000000000e+02,6.598385539669515310e+03,1.110869808523299973e+00,1.126926248850838030e+00
1.000000000000000056e-01,1.924800000000000182e+03,6.660000000000000000e+02,6.377969931782634376e+03,1.110449070654423442e+00,1.122749214376034921e+00
1.000000000000000056e-01,1.924800000000000182e+03,7.980000000000000000e+02,5.957586770824252199e+03,1.109547583754278532e+00,1.114950452248448132e+00
1.000000000000000056e-01,1.924800000000000182e+03,9.296999999999999318e+02,5.777409353041829490e+03,1.108233964458023024e+00,1.110683956348675006e+00
1.000000000000000056e-01,1.924800000000000182e+03,1.128000000000000000e+03,5.641270495441163803e+03,1.105648891654275268e+00,1.106029118259155286e+00
1.000000000000000056e-01,1.924800000000000182e+03,1.325000000000000000e+03,5.587624260246171616e+03,1.102652275890740885e+00,1.102412418348921452e+00
1.000000000000000056e-01,1.924800000000000182e+03,1.655000000000000000e+03,5.504927373528256794e+03,1.097400254251442719e+00,1.096344563737602584e+00
1.000000000000000056e-01,1.924800000000000182e+03,2.117000000000000000e+03,5.471125710916347089e+03,1.090638033098142667e+00,1.089634849605535249e+00
1.000000000000000056e-01,1.924800000000000182e+03,2.578000000000000000e+03,5.467537470992267117e+03,1.085048369607044094e+00,1.084342110082580524e+00
1.000000000000000056e-01,2.331100000000000364e+03,4.180000000000000000e+02,6.523328948150663564e+03,1.110435296262840765e+00,1.125137597656452604e+00
1.000000000000000056e-01,2.331100000000000364e+03,5.580000000000000000e+02,6.583098971230439020e+03,1.108621144197558417e+00,1.124315483668160809e+00
1.000000000000000056e-01,2.331100000000000364e+03,6.660000000000000000e+02,6.352394882808031980e+03,1.106440860010176941e+00,1.118247097487591324e+00
1.000000000000000056e-01,2.331100000000000364e+03,7.980000000000000000e+02,5.921534951512708176e+03,1.103147017421202136e+00,1.108203426348190135e+00
1.000000000000000056e-01,2.331100000000000364e+03,9.296999999999999318e+02,5.730858323850673514e+03,1.099500552249545793e+00,1.101734706241113582e+00
1.000000000000000056e-01,2.331100000000000364e+03,1.128000000000000000e+03,5.581105946264597151e+03,1.093898904742880207e+00,1.094233239417679249e+00
1.000000000000000056e-01,2.331100000000000364e+03,1.325000000000000000e+03,5.516791377402019862e+03,1.088641913510854042e+00,1.088437418234757148e+00
1.000000000000000056e-01,2.331100000000000364e+03,1.655000000000000000e+03,5.423662918668026578e+03,1.081025427198646138e+00,1.080160182497708066e+00
1.000000000000000056e-01,2.331100000000000364e+03,2.117000000000000000e+03,5.382881513438353068e+03,1.072853384373847474e+00,1.072060047283657891e+00
1.000000000000000056e-01,2.331100000000000364e+03,2.578000000000000000e+03,5.376981715725537470e+03,1.066929350203026372e+00,1.066382760143598452e+00
1.000000000000000056e-01,2.737400000000000091e+03,4.180000000000000000e+02,6.487740072067204892e+03,1.105085505446524730e+00,1.118999262021670882e+00
1.000000000000000056e-01,2.737400000000000091e+03,5.580000000000000000e+02,6.513459787741538094e+03,1.098360468131073908e+00,1.112421934352139319e+00
1.000000000000000056e-01,2.737400000000000091e+03,6.660000000000000000e+02,6.265766682681084603e+03,1.092840211274418438e+00,1.102997457762783906e+00
1.000000000000000056e-01,2.737400000000000091e+03,7.980000000000000000e+02,5.827047187608624881e+03,1.086354558728277464e+00,1.090520230257329581e+00
1.000000000000000056e-01,2.737400000000000091e+03,9.296999999999999318e+02,5.629454218822660550e+03,1.080465395276621887e+00,1.082240170597172924e+00
1.000000000000000056e-01,2.737400000000000091e+03,1.128000000000000000e+03,5.473417570716954287e+03,1.072865388355951799e+00,1.073119825489030843e+00
1.000000000000000056e-01,2.737400000000000091e+03,1.325000000000000000e+03,5.405937540653771066e+03,1.066717291861645212e+00,1.066566469051157373e+00
1.000000000000000056e-01,2.737400000000000091e+03,1.655000000000000000e+03,5.313766324129054738e+03,1.058889632868456498e+00,1.058273511553518009e+00
1.000000000000000056e-01,2.737400000000000091e+03,2.117000000000000000e+03,5.276657910075921791e+03,1.051453696887749700e+00,1.050904448565931792e+00
1.000000000000000056e-01,2.737400000000000091e+03,2.578000000000000000e+03,5.274887412427098752e+03,1.046507644037345752e+00,1.046135042985118835e+00
1.000000000000000056e-01,3.143699999999999818e+03,4.180000000000000000e+02,6.329042084792014066e+03,1.081145937644575783e+00,1.091627183505479826e+00
1.000000000000000056e-01,3.143699999999999818e+03,5.580000000000000000e+02,6.316210044239322997e+03,1.069148065942574943e+00,1.078734009905264024e+00
1.000000000000000056e-01,3.143699999999999818e+03,6.660000000000000000e+02,6.069097369475140113e+03,1.061824978268621544e+00,1.068376674150507855e+00
1.000000000000000056e-01,3.143699999999999818e+03,7.980000000000000000e+02,5.649205454702932002e+03,1.054680278392528869e+00,1.057237505530113086e+00
1.000000000000000056e-01,3.143699999999999818e+03,9.296999999999999318e+02,5.462372718850639103e+03,1.049069249365506717e+00,1.050119417144954825e+00
1.000000000000000056e-01,3.143699999999999818e+03,1.128000000000000000e+03,5.318869147935445653e+03,1.042674211579876609e+00,1.042819017202048171e+00
1.000000000000000056e-01,3.143699999999999818e+03,1.325000000000000000e+03,5.260810005141003785e+03,1.038017112899692229e+00,1.037933477650515135e+00
1.000000000000000056e-01,3.143699999999999818e+03,1.655000000000000000e+03,5.183146443670128065e+03,1.032592262282982842e+00,1.032259654123566683e+00
1.000000000000000056e-01,3.143699999999999818e+03,2.117000000000000000e+03,5.159431807657099853e+03,1.027848246299697621e+00,1.027557581170047696e+00
1.000000000000000056e-01,3.143699999999999818e+03,2.578000000000000000e+03,5.166679918434336287e+03,1.024870097563731708e+00,1.024674935398226294e+00
1.000000000000000056e-01,3.550000000000000000e+03,4.180000000000000000e+02,5.880707023406373082e+03,1.012766587231664239e+00,1.014298776809753555e+00
1.000000000000000056e-01,3.550000000000000000e+03,5.580000000000000000e+02,5.919380702785748326e+03,1.009700026219538138e+00,1.010960249413447753e+00
1.000000000000000056e-01,3.550000000000000000e+03,6.660000000000000000e+02,5.731874507162615373e+03,1.008193445854989267e+00,1.009013474295283430e+00
1.000000000000000056e-01,3.550000000000000000e+03,7.980000000000000000e+02,5.381898725707045742e+03,1.006903985469542739e+00,1.007211585665620301e+00
1.000000000000000056e-01,3.550000000000000000e+03,9.296999999999999318e+02,5.233461838850317690e+03,1.005989399584991340e+00,1.006112211438447090e+00
1.000000000000000056e-01,3.550000000000000000e+03,1.128000000000000000e+03,5.126225815051843711e+03,1.005032850528894572e+00,1.005049309867513951e+00
1.000000000000000056e-01,3.550000000000000000e+03,1.325000000000000000e+03,5.090721375826668009e+03,1.004385112984713224e+00,1.004375777912163370e+00
1.000000000000000056e-01,3.550000000000000000e+03,1.655000000000000000e+03,5.039435214027276743e+03,1.003675027734599601e+00,1.003638563475825141e+00
1.000000000000000056e-01,3.550000000000000000e+03,2.117000000000000000e+03,5.036411107239402554e+03,1.003088119482244522e+00,1.003056655861286339e+00
1.000000000000000056e-01,3.550000000000000000e+03,2.578000000000000000e+03,5.055941637138294936e+03,1.002733906642709893e+00,1.002712912779353260e+00
1.000000000000000194e-02,3.650000000000000000e+03,4.180000000000000000e+02,5.788611616003303425e+03,9.986017175987443872e-01,9.984142481796194346e-01
1.000000000000000194e-02,3.650000000000000000e+03,5.580000000000000000e+02,5.848292833990797590e+03,9.989687674794414107e-01,9.988192817724592665e-01
1.000000000000000194e-02,3.650000000000000000e+03,6.660000000000000000e+02,5.675241171876344197e+03,9.991412265251902181e-01,9.990439960161058286e-01
1.000000000000000194e-02,3.650000000000000000e+03,7.980000000000000000e+02,5.339341518907581303e+03,9.992848993781576761e-01,9.992470895042107060e-01
1.000000000000000194e-02,3.650000000000000000e+03,9.296999999999999318e+02,5.198380757551301940e+03,9.993846603410109219e-01,9.993680131673541300e-01
1.000000000000000194e-02,3.650000000000000000e+03,1.128000000000000000e+03,5.097833723035294497e+03,9.994871370253648468e-01,9.994827481286338022e-01
1.000000000000000194e-02,3.650000000000000000e+03,1.325000000000000000e+03,5.066283292163187070e+03,9.995554716642679471e-01,9.995542570552681250e-01
1.000000000000000194e-02,3.650000000000000000e+03,1.655000000000000000e+03,5.019315547540426451e+03,9.996294269637684415e-01,9.996315919973014497e-01
1.000000000000000194e-02,3.650000000000000000e+03,2.117000000000000000e+03,5.019515576288657940e+03,9.996898222734521555e-01,9.996917250775195773e-01
1.000000000000000194e-02,3.650000000000000000e+03,2.578000000000000000e+03,5.040884785457277758e+03,9.997259649846951257e-01,9.997267826596027973e-01
1.000000000000000194e-02,3.887500000000000000e+03,4.180000000000000000e+02,5.730918882249525268e+03,9.898153230164461469e-01,9.884634601120697583e-01
1.000000000000000194e-02,3.887500000000000000e+03,5.580000000000000000e+02,5.808660106557006657e+03,9.930509731172576515e-01,9.920504804361058859e-01
1.000000000000000194e-02,3.887500000000000000e+03,6.660000000000000000e+02,5.645405135056847030e+03,9.944202169066396202e-01,9.937917939428009273e-01
1.000000000000000194e-02,3.887500000000000000e+03,7.980000000000000000e+02,5.318003331795218401e+03,9.954911370798348313e-01,9.952536904508220150e-01
1.000000000000000194e-02,3.887500000000000000e+03,9.296999999999999318e+02,5.181361569557840994e+03,9.961986457499898417e-01,9.960961420051581694e-01
1.000000000000000194e-02,3.887500000000000000e+03,1.128000000000000000e+03,5.084502408278845905e+03,9.968955043968613650e-01,9.968690067175055569e-01
1.000000000000000194e-02,3.887500000000000000e+03,1.325000000000000000e+03,5.055042792616149200e+03,9.973438000699014205e-01,9.973365584928822747e-01
1.000000000000000194e-02,3.887500000000000000e+03,1.655000000000000000e+03,5.010256400804546502e+03,9.978146553462211577e-01,9.978273999340704359e-01
1.000000000000000194e-02,3.887500000000000000e+03,2.117000000000000000e+03,5.012023679569432716e+03,9.981885355038394581e-01,9.981996314598158282e-01
1.000000000000000194e-02,3.887500000000000000e+03,2.578000000000000000e+03,5.034258521158352778e+03,9.984078932563407172e-01,9.984126375897278693e-01
1.000000000000000194e-02,4.125000000000000000e+03,4.180000000000000000e+02,5.645451440836058282e+03,9.767607724824404203e-01,9.737221167773827402e-01
1.000000000000000194e-02,4.125000000000000000e+03,5.580000000000000000e+02,5.756835117293190706e+03,9.852973293326054982e-01,9.831993849072544478e-01
1.000000000000000194e-02,4.125000000000000000e+03,6.660000000000000000e+02,5.608661458378350289e+03,9.885992536753237525e-01,9.873236019373019534e-01
1.000000000000000194e-02,4.125000000000000000e+03,7.980000000000000000e+02,5.293007929718207379e+03,9.910452131879347037e-01,9.905758509292266201e-01
1.000000000000000194e-02,4.125000000000000000e+03,9.296999999999999318e+02,5.162104872097228508e+03,9.925931036586495004e-01,9.923941185522930919e-01
1.000000000000000194e-02,4.125000000000000000e+03,1.128000000000000000e+03,5.069934920438723566e+03,9.940634258907257159e-01,9.940129008555225187e-01
1.000000000000000194e-02,4.125000000000000000e+03,1.325000000000000000e+03,5.043031370923212307e+03,9.949804129038691825e-01,9.949667605573755402e-01
1.000000000000000194e-02,4.125000000000000000e+03,1.655000000000000000e+03,5.000793569569949796e+03,9.959190568201463645e-01,9.959428112959887169e-01
1.000000000000000194e-02,4.125000000000000000e+03,2.117000000000000000e+03,5.004328823206449670e+03,9.966466068326867989e-01,9.966671161971732973e-01
1.000000000000000194e-02,4.125000000000000000e+03,2.578000000000000000e+03,5.027513741199584729e+03,9.970662574853244031e-01,9.970749880589591108e-01
1.000000000000000194e-02,4.362500000000000000e+03,4.180000000000000000e+02,5.526721933235001416e+03,9.585496393230203971e-01,9.532437637746481451e-01
1.000000000000000194e-02,4.362500000000000000e+03,5.580000000000000000e+02,5.691880143320670868e+03,9.755546298154520457e-01,9.721058432033057306e-01
1.000000000000000194e-02,4.362500000000000000e+03,6.660000000000000000e+02,5.564874131143482373e+03,9.816523986286391779e-01,9.796154772866054739e-01
1.000000000000000194e-02,4.362500000000000000e+03,7.980000000000000000e+02,5.264455952005087056e+03,9.859641228572967320e-01,9.852324053885371802e-01
1.000000000000000194e-02,4.362500000000000000e+03,9.296999999999999318e+02,5.140746355113190475e+03,9.885932025607357954e-01,9.882880286604488473e-01
1.000000000000000194e-02,4.362500000000000000e+03,1.128000000000000000e+03,5.054247725857386285e+03,9.910135105918446152e-01,9.909372649673343636e-01
1.000000000000000194e-02,4.362500000000000000e+03,1.325000000000000000e+03,5.030338610330531083e+03,9.924829311870639881e-01,9.924625376088043183e-01
1.000000000000000194e-02,4.362500000000000000e+03,1.655000000000000000e+03,4.990983410960047877e+03,9.939539258644147779e-01,9.939890499960505332e-01
1.000000000000000194e-02,4.362500000000000000e+03,2.117000000000000000e+03,4.996463398695305841e+03,9.950705291364392302e-01,9.951006304121393642e-01
1.000000000000000194e-02,4.362500000000000000e+03,2.578000000000000000e+03,5.020671027205936298e+03,9.957051521722526388e-01,9.957179158907426553e-01
1.000000000000000194e-02,4.600000000000000000e+03,4.180000000000000000e+02,5.371056727044187937e+03,9.345382298574163027e-01,9.263947764670432683e-01
1.000000000000000194e-02,4.600000000000000000e+03,5.580000000000000000e+02,5.613375182574986866e+03,9.637427898830573936e-01,9.586981239366096919e-01
1.000000000000000194e-02,4.600000000000000000e+03,6.660000000000000000e+02,5.514117037720200642e+03,9.735861077028752364e-01,9.706804262633917935e-01
1.000000000000000194e-02,4.600000000000000000e+03,7.980000000000000000e+02,5.232515417319616063e+03,9.802767700140028184e-01,9.792547981857308015e-01
1.000000000000000194e-02,4.600000000000000000e+03,9.296999999999999318e+02,5.117441740712381034e+03,9.842278593261795105e-01,9.838078092849179557e-01
1.000000000000000194e-02,4.600000000000000000e+03,1.128000000000000000e+03,5.037554921938247389e+03,9.877679091009522461e-01,9.876644690227189827e-01
1.000000000000000194e-02,4.600000000000000000e+03,1.325000000000000000e+03,5.017046592786456131e+03,9.898675005600195975e-01,9.898400840358694275e-01
1.000000000000000194e-02,4.600000000000000000e+03,1.655000000000000000e+03,4.980874793861778016e+03,9.919290561482844160e-01,9.919758486128885666e-01
1.000000000000000194e-02,4.600000000000000000e+03,2.117000000000000000e+03,4.988454509292195326e+03,9.934657351987498108e-01,9.935055720162313531e-01
1.000000000000000194e-02,4.600000000000000000e+03,2.578000000000000000e+03,5.013747296202853249e+03,9.943279427778513035e-01,9.943447761316903666e-01
3.250000000000000805e-02,3.650000000000000000e+03,4.180000000000000000e+02,5.768146658073569597e+03,9.954698347093213773e-01,9.948844716216354023e-01
3.250000000000000805e-02,3.650000000000000000e+03,5.580000000000000000e+02,5.832886206505793780e+03,9.966562527153011164e-01,9.961880119239885367e-01
3.250000000000000805e-02,3.650000000000000000e+03,6.660000000000000000e+02,5.663122059335834820e+03,9.972143687159472636e-01,9.969106018124130886e-01
3.250000000000000805e-02,3.650000000000000000e+03,7.980000000000000000e+02,5.330343615972288717e+03,9.976796563571717069e-01,9.975631499607495734e-01
3.250000000000000805e-02,3.650000000000000000e+03,9.296999999999999318e+02,5.191020922859501297e+03,9.980029111062832525e-01,9.979531142370476893e-01
3.250000000000000805e-02,3.650000000000000000e+03,1.128000000000000000e+03,5.091922455477071708e+03,9.983351165109075609e-01,9.983237833084751545e-01
3.250000000000000805e-02,3.650000000000000000e+03,1.325000000000000000e+03,5.061219131424432817e+03,9.985567264548415034e-01,9.985551215681816029e-01
3.250000000000000805e-02,3.650000000000000000e+03,1.655000000000000000e+03,5.015166824986483334e+03,9.987966409801601886e-01,9.988053450534556399e-01
3.250000000000000805e-02,3.650000000000000000e+03,2.117000000000000000e+03,5.016042703548051577e+03,9.989926254353117541e-01,9.990000642811208698e-01
3.250000000000000805e-02,3.650000000000000000e+03,2.578000000000000000e+03,5.037794453734533818e+03,9.991099349954580822e-01,9.991138967234983737e-01
3.250000000000000805e-02,3.887500000000000000e+03,4.180000000000000000e+02,5.586716786749490893e+03,9.676413159782913942e-01,9.635916192778080092e-01
3.250000000000000805e-02,3.887500000000000000e+03,5.580000000000000000e+02,5.707166373756788744e+03,9.777633397187600606e-01,9.747165506590732553e-01
3.250000000000000805e-02,3.887500000000000000e+03,6.660000000000000000e+02,5.568026228283673845e+03,9.820905493588507618e-01,9.801703583264409492e-01
3.250000000000000805e-02,3.887500000000000000e+03,7.980000000000000000e+02,5.262008193049227884e+03,9.854933644792044367e-01,9.847743121941257005e-01
3.250000000000000805e-02,3.887500000000000000e+03,9.296999999999999318e+02,5.136377555881476837e+03,9.877503703463926810e-01,9.874481443942217940e-01
3.250000000000000805e-02,3.887500000000000000e+03,1.128000000000000000e+03,5.049022198346575351e+03,9.899803775062476774e-01,9.899127465383932289e-01
3.250000000000000805e-02,3.887500000000000000e+03,1.325000000000000000e+03,5.024999532904250373e+03,9.914186363168144833e-01,9.914091623310258283e-01
3.250000000000000805e-02,3.887500000000000000e+03,1.655000000000000000e+03,4.985932895106848264e+03,9.929323815352297800e-01,9.929832046462367945e-01
3.250000000000000805e-02,3.887500000000000000e+03,2.117000000000000000e+03,4.991839482707982825e+03,9.941366382486697129e-01,9.941797266954905954e-01
3.250000000000000805e-02,3.887500000000000000e+03,2.578000000000000000e+03,5.016380355874816814e+03,9.948441226739928034e-01,9.948669741954107026e-01
3.250000000000000805e-02,4.125000000000000000e+03,4.180000000000000000e+02,5.331966192468451482e+03,9.282254756936505480e-01,9.196524780925117160e-01
3.250000000000000805e-02,4.125000000000000000e+03,5.580000000000000000e+02,5.548307530607421540e+03,9.537464349332971381e-01,9.475853381631046402e-01
3.250000000000000805e-02,4.125000000000000000e+03,6.660000000000000000e+02,5.453901587194276544e+03,9.638742603307630663e-01,9.600803684872674104e-01
3.250000000000000805e-02,4.125000000000000000e+03,7.980000000000000000e+02,5.183484583382358323e+03,9.714717379956160359e-01,9.700787756491927594e-01
3.250000000000000805e-02,4.125000000000000000e+03,9.296999999999999318e+02,5.075501311525232268e+03,9.763221898329798032e-01,9.757449286797869048e-01
3.250000000000000805e-02,4.125000000000000000e+03,1.128000000000000000e+03,5.002711795277336932e+03,9.809604509561475894e-01,9.808331155732962214e-01
3.250000000000000805e-02,4.125000000000000000e+03,1.325000000000000000e+03,4.986689946776534271e+03,9.838685318832758320e-01,9.838508582071295860e-01
3.250000000000000805e-02,4.125000000000000000e+03,1.655000000000000000e+03,4.955646921047218711e+03,9.868576096986267920e-01,9.869515423254145992e-01
3.250000000000000805e-02,4.125000000000000000e+03,2.117000000000000000e+03,4.967148193887105663e+03,9.891830872690294818e-01,9.892621850043499254e-01
3.250000000000000805e-02,4.125000000000000000e+03,2.578000000000000000e+03,4.994712180470317435e+03,9.905278616609423104e-01,9.905696620755743975e-01
3.250000000000000805e-02,4.362500000000000000e+03,4.180000000000000000e+02,5.003317986349453349e+03,8.767783837797574753e-01,8.629675468180185716e-01
3.250000000000000805e-02,4.362500000000000000e+03,5.580000000000000000e+02,5.357563226653261154e+03,9.246945059290808677e-01,9.150084658884524158e-01
3.250000000000000805e-02,4.362500000000000000e+03,6.660000000000000000e+02,5.322027086918868008e+03,9.427343423264206157e-01,9.368657730651995807e-01
3.250000000000000805e-02,4.362500000000000000e+03,7.980000000000000000e+02,5.095738637908686542e+03,9.557799019781293426e-01,9.536572973976384926e-01
3.250000000000000805e-02,4.362500000000000000e+03,9.296999999999999318e+02,5.009133042819246839e+03,9.638555658596814624e-01,9.629858931401699129e-01
3.250000000000000805e-02,4.362500000000000000e+03,1.128000000000000000e+03,4.953492505376800182e+03,9.713727411793907640e-01,9.711831674181731211e-01
3.250000000000000805e-02,4.362500000000000000e+03,1.325000000000000000e+03,4.946642827796332313e+03,9.759758564239324752e-01,9.759497468892174288e-01
3.250000000000000805e-02,4.362500000000000000e+03,1.655000000000000000e+03,4.924516323430827470e+03,9.806139800158882869e-01,9.807516673503595683e-01
3.250000000000000805e-02,4.362500000000000000e+03,2.117000000000000000e+03,4.942083334904312323e+03,9.841549619139755567e-01,9.842702427074280225e-01
3.250000000000000805e-02,4.362500000000000000e+03,2.578000000000000000e+03,4.972861117696125802e+03,9.861753379047514256e-01,9.862360790609501215e-01
3.250000000000000805e-02,4.600000000000000000e+03,4.180000000000000000e+02,4.611605139651531317e+03,8.145621930053648097e-01,7.954052860753934029e-01
3.250000000000000805e-02,4.600000000000000000e+03,5.580000000000000000e+02,5.138595604517903666e+03,8.910519129120564319e-01,8.776113845040346417e-01
3.250000000000000805e-02,4.600000000000000000e+03,6.660000000000000000e+02,5.174506041044634912e+03,9.189705331570330316e-01,9.108968299483836129e-01
3.250000000000000805e-02,4.600000000000000000e+03,7.980000000000000000e+02,4.999959754591221099e+03,9.386232356341243088e-01,9.357324708900952581e-01
3.250000000000000805e-02,4.600000000000000000e+03,9.296999999999999318e+02,4.938063590893993023e+03,9.504972621370393338e-01,9.493230738354736520e-01
3.250000000000000805e-02,4.600000000000000000e+03,1.128000000000000000e+03,4.901844213503370156e+03,9.613105242427679720e-01,9.610569884365900428e-01
3.250000000000000805e-02,4.600000000000000000e+03,1.325000000000000000e+03,4.905176847723069841e+03,9.678033989155920835e-01,9.677687008412572123e-01
3.250000000000000805e-02,4.600000000000000000e+03,1.655000000000000000e+03,4.892719303314141143e+03,9.742372738926533549e-01,9.744190697005487012e-01
3.250000000000000805e-02,4.600000000000000000e+03,2.117000000000000000e+03,4.916739908275347261e+03,9.790713346390977900e-01,9.792228206004488511e-01
3.250000000000000805e-02,4.600000000000000000e+03,2.578000000000000000e+03,4.950885171887908655e+03,9.817981089056534438e-01,9.818777287844008272e-01
5.500000000000000722e-02,3.650000000000000000e+03,4.180000000000000000e+02,5.747956987286140247e+03,9.923575352509187431e-01,9.914021763291861467e-01
5.500000000000000722e-02,3.650000000000000000e+03,5.580000000000000000e+02,5.817662941893342577e+03,9.943544197138763918e-01,9.935880582865670441e-01
5.500000000000000722e-02,3.650000000000000000e+03,6.660000000000000000e+02,5.651124326763512727e+03,9.952949285460738205e-01,9.947985747937934109e-01
5.500000000000000722e-02,3.650000000000000000e+03,7.980000000000000000e+02,5.321407815106260387e+03,9.960795623631314433e-01,9.958908326953810342e-01
5.500000000000000722e-02,3.650000000000000000e+03,9.296999999999999318e+02,5.183701644878357911e+03,9.966249774091860969e-01,9.965460121729656784e-01
5.500000000000000722e-02,3.650000000000000000e+03,1.128000000000000000e+03,5.086037062348336804e+03,9.971857486035481388e-01,9.971698914364148791e-01
5.500000000000000722e-02,3.650000000000000000e+03,1.325000000000000000e+03,5.056174511414046719e+03,9.975599751243604540e-01,9.975598413764071859e-01
5.500000000000000722e-02,3.650000000000000000e+03,1.655000000000000000e+03,5.011031317427638896e+03,9.979652414207179634e-01,9.979817299677712361e-01
5.500000000000000722e-02,3.650000000000000000e+03,2.117000000000000000e+03,5.012580525403986940e+03,9.982964003879323256e-01,9.983105334312286638e-01
5.500000000000000722e-02,3.650000000000000000e+03,2.578000000000000000e+03,5.034713559566528602e+03,9.984946637326355123e-01,9.985028824779078604e-01
5.500000000000000722e-02,3.887500000000000000e+03,4.180000000000000000e+02,5.450459508117733094e+03,9.464390318101821853e-01,9.400900929311405418e-01
5.500000000000000722e-02,3.887500000000000000e+03,5.580000000000000000e+02,5.609803875665231317e+03,9.629392643620089398e-01,9.580881869338215839e-01
5.500000000000000722e-02,3.887500000000000000e+03,6.660000000000000000e+02,5.493169933184938600e+03,9.700628847299328505e-01,9.669929919524801187e-01
5.500000000000000722e-02,3.887500000000000000e+03,7.980000000000000000e+02,5.207372843042068780e+03,9.756944114896339837e-01,9.745494156810688979e-01
5.500000000000000722e-02,3.887500000000000000e+03,9.296999999999999318e+02,5.092286006368130074e+03,9.794441813928552731e-01,9.789717194669759204e-01
5.500000000000000722e-02,3.887500000000000000e+03,1.128000000000000000e+03,5.014105577764160444e+03,9.831605255179367564e-01,9.830669838495509349e-01
5.500000000000000722e-02,3.887500000000000000e+03,1.325000000000000000e+03,4.995366373776399996e+03,9.855634589118890121e-01,9.855626771172880662e-01
5.500000000000000722e-02,3.887500000000000000e+03,1.655000000000000000e+03,4.961881271737244788e+03,9.880976526939539983e-01,9.881931566145170098e-01
5.500000000000000722e-02,3.887500000000000000e+03,2.117000000000000000e+03,4.971851109056068708e+03,9.901175033344110643e-01,9.901988222767518222e-01
5.500000000000000722e-02,3.887500000000000000e+03,2.578000000000000000e+03,4.998661127088465946e+03,9.913057030296442695e-01,9.913528316708893895e-01
5.500000000000000722e-02,4.125000000000000000e+03,4.180000000000000000e+02,5.053185338921850416e+03,8.842852907071528934e-01,8.715686205521127050e-01
5.500000000000000722e-02,4.125000000000000000e+03,5.580000000000000000e+02,5.355612873857440718e+03,9.241534707622443001e-01,9.146753686865815025e-01
5.500000000000000722e-02,4.125000000000000000e+03,6.660000000000000000e+02,5.308278363624352096e+03,9.403558408892473963e-01,9.344455094950204765e-01
5.500000000000000722e-02,4.125000000000000000e+03,7.980000000000000000e+02,5.078767904019842717e+03,9.526564536729285049e-01,9.504812584825164112e-01
5.500000000000000722e-02,4.125000000000000000e+03,9.296999999999999318e+02,4.991977592732399899e+03,9.605761091505964355e-01,9.596878261327890236e-01
5.500000000000000722e-02,4.125000000000000000e+03,1.128000000000000000e+03,4.937381591383460545e+03,9.681984086658580457e-01,9.680244569800187104e-01
5.500000000000000722e-02,4.125000000000000000e+03,1.325000000000000000e+03,4.931695254752788060e+03,9.730021032939584202e-01,9.730006598747918956e-01
5.500000000000000722e-02,4.125000000000000000e+03,1.655000000000000000e+03,4.911375694547248713e+03,9.779595683817255969e-01,9.781346197377275287e-01
5.500000000000000722e-02,4.125000000000000000e+03,2.117000000000000000e+03,4.930577794826862373e+03,9.818305199262744587e-01,9.819787878781397472e-01
5.500000000000000722e-02,4.125000000000000000e+03,2.578000000000000000e+03,4.962394793370683146e+03,9.840746599811177608e-01,9.841603591844845234e-01
5.500000000000000722e-02,4.362500000000000000e+03,4.180000000000000000e+02,4.573035893733590456e+03,8.078618892359475945e-01,7.887528990747599833e-01
5.500000000000000722e-02,4.362500000000000000e+03,5.580000000000000000e+02,5.062221686353062978e+03,8.788747464614938831e-01,8.645676221185079058e-01
5.500000000000000722e-02,4.362500000000000000e+03,6.660000000000000000e+02,5.100724172223070127e+03,9.067844595570039301e-01,8.979086007562377958e-01
5.500000000000000722e-02,4.362500000000000000e+03,7.980000000000000000e+02,4.938044872098590531e+03,9.273888979962746637e-01,9.241452244274613870e-01
5.500000000000000722e-02,4.362500000000000000e+03,9.296999999999999318e+02,4.884419148987628432e+03,9.403257295054499032e-01,9.390101433623530003e-01
5.500000000000000722e-02,4.362500000000000000e+03,1.128000000000000000e+03,4.856872132476209117e+03,9.524953580816153398e-01,9.522397492765556359e-01
5.500000000000000722e-02,4.362500000000000000e+03,1.325000000000000000e+03,4.865835239613813428e+03,9.600088930903072360e-01,9.600067835545085249e-01
5.500000000000000722e-02,4.362500000000000000e+03,1.655000000000000000e+03,4.859894505156891682e+03,9.676273653257038143e-01,9.678817829075316848e-01
5.500000000000000722e-02,4.362500000000000000e+03,2.117000000000000000e+03,4.888963733923113068e+03,9.734762759132690180e-01,9.736908900322066573e-01
5.500000000000000722e-02,4.362500000000000000e+03,2.578000000000000000e+03,4.926038291352630040e+03,9.768262124572876237e-01,9.769500041896383991e-01
5.500000000000000722e-02,4.600000000000000000e+03,4.180000000000000000e+02,4.043559218363967830e+03,7.218864021018884802e-01,6.974292636616798990e-01
5.500000000000000722e-02,4.600000000000000000e+03,5.580000000000000000e+02,4.740343108539324021e+03,8.285574696614148582e-01,8.095945660428475188e-01
5.500000000000000722e-02,4.600000000000000000e+03,6.660000000000000000e+02,4.875939011155683147e+03,8.701570517889586354e-01,8.583384294178382223e-01
5.500000000000000722e-02,4.600000000000000000e+03,7.980000000000000000e+02,4.787920313017335502e+03,9.003652692668117075e-01,8.960497133623180899e-01
5.500000000000000722e-02,4.600000000000000000e+03,9.296999999999999318e+02,4.771270171172514893e+03,9.190020276573573899e-01,9.172577026649785248e-01
5.500000000000000722e-02,4.600000000000000000e+03,1.128000000000000000e+03,4.773512672463509261e+03,9.362334899195255966e-01,9.358962695354383632e-01
5.500000000000000722e-02,4.600000000000000000e+03,1.325000000000000000e+03,4.798382619738638823e+03,9.467014662168031780e-01,9.466986936871191194e-01
5.500000000000000722e-02,4.600000000000000000e+03,1.655000000000000000e+03,4.807758579830400777e+03,9.571655247177089931e-01,9.574985508630926567e-01
5.500000000000000722e-02,4.600000000000000000e+03,2.117000000000000000e+03,4.847174835897471894e+03,9.650880997960377128e-01,9.653681714508191014e-01
5.500000000000000722e-02,4.600000000000000000e+03,2.578000000000000000e+03,4.889690770216059718e+03,9.695801298763258025e-01,9.697414303161890903e-01
7.750000000000001332e-02,3.650000000000000000e+03,4.180000000000000000e+02,5.728046108049000395e+03,9.892646361154088241e-01,9.879679667392413656e-01
7.750000000000001332e-02,3.650000000000000000e+03,5.580000000000000000e+02,5.802626658735876845e+03,9.920631946353312136e-01,9.910200388712979702e-01
7.750000000000001332e-02,3.650000000000000000e+03,6.660000000000000000e+02,5.639250995886135570e+03,9.933828632653954882e-01,9.927084468914695314e-01
7.750000000000001332e-02,3.650000000000000000e+03,7.980000000000000000e+02,5.312536339750262414e+03,9.944845926614401810e-01,9.942305538205989945e-01
7.750000000000001332e-02,3.650000000000000000e+03,9.296999999999999318e+02,5.176424653907773973e+03,9.952508434672742155e-01,9.951470396183782485e-01
7.750000000000001332e-02,3.650000000000000000e+03,1.128000000000000000e+03,5.080178847722605497e+03,9.960390241521041021e-01,9.960213281894819692e-01
7.750000000000001332e-02,3.650000000000000000e+03,1.325000000000000000e+03,5.051150481189425591e+03,9.965652117079566441e-01,9.965686234541164534e-01
7.750000000000001332e-02,3.650000000000000000e+03,1.655000000000000000e+03,5.006909514247980951e+03,9.971352248261372564e-01,9.971608442044922471e-01
7.750000000000001332e-02,3.650000000000000000e+03,2.117000000000000000e+03,5.009129486087226724e+03,9.976011451009262343e-01,9.976232210012843105e-01
7.750000000000001332e-02,3.650000000000000000e+03,2.578000000000000000e+03,5.031643846842403946e+03,9.978801497953748711e-01,9.978940857773302975e-01
7.750000000000001332e-02,3.887500000000000000e+03,4.180000000000000000e+02,5.321565289019058582e+03,9.261459649417121964e-01,9.178585401179712999e-01
7.750000000000001332e-02,3.887500000000000000e+03,5.580000000000000000e+02,5.516367509234009958e+03,9.485579776339366775e-01,9.421303600842764192e-01
7.750000000000001332e-02,3.887500000000000000e+03,6.660000000000000000e+02,5.420744041980563452e+03,9.583262613763687821e-01,9.542434629769698251e-01
7.750000000000001332e-02,3.887500000000000000e+03,7.980000000000000000e+02,5.154065406746121880e+03,9.660884057940525294e-01,9.645730355639652309e-01
7.750000000000001332e-02,3.887500000000000000e+03,9.296999999999999318e+02,5.049072796047493284e+03,9.712765242812854138e-01,9.706641517540904873e-01
7.750000000000001332e-02,3.887500000000000000e+03,1.128000000000000000e+03,4.979747816703738863e+03,9.764339928924558043e-01,9.763307913195656829e-01
7.750000000000001332e-02,3.887500000000000000e+03,1.325000000000000000e+03,4.966141701093552001e+03,9.797770351470801442e-01,9.797967843895020179e-01
7.750000000000001332e-02,3.887500000000000000e+03,1.655000000000000000e+03,4.938100172145021133e+03,9.833097776780361787e-01,9.834569852740899787e-01
7.750000000000001332e-02,3.887500000000000000e+03,2.117000000000000000e+03,4.952058544038462060e+03,9.861307350023900131e-01,9.862569153007821887e-01
7.750000000000001332e-02,3.887500000000000000e+03,2.578000000000000000e+03,4.981108913333254350e+03,9.877923647805501028e-01,9.878718121806849828e-01
7.750000000000001332e-02,4.125000000000000000e+03,4.180000000000000000e+02,4.803756027056960193e+03,8.443171445093877736e-01,8.285472891172896981e-01
7.750000000000001332e-02,4.125000000000000000e+03,5.580000000000000000e+02,5.177092953656426289e+03,8.963416688821094214e-01,8.841862766491743741e-01
7.750000000000001332e-02,4.125000000000000000e+03,6.660000000000000000e+02,5.171060438566965786e+03,9.179577782507711836e-01,9.102902815456422880e-01
7.750000000000001332e-02,4.125000000000000000e+03,7.980000000000000000e+02,4.978580020079892165e+03,9.345561437287092099e-01,9.317312963240620416e-01
7.750000000000001332e-02,4.125000000000000000e+03,9.296999999999999318e+02,4.911394820611425530e+03,9.453298711992527137e-01,9.441961088796668733e-01
7.750000000000001332e-02,4.125000000000000000e+03,1.128000000000000000e+03,4.873881250747725062e+03,9.557641635715184991e-01,9.555745619042099737e-01
7.750000000000001332e-02,4.125000000000000000e+03,1.325000000000000000e+03,4.878011871032205818e+03,9.623730832103812860e-01,9.624091766045921315e-01
7.750000000000001332e-02,4.125000000000000000e+03,1.655000000000000000e+03,4.867960444277175156e+03,9.692205523019828961e-01,9.694881707680663707e-01
7.750000000000001332e-02,4.125000000000000000e+03,2.117000000000000000e+03,4.894607835585485191e+03,9.745864489454501012e-01,9.748149749447077017e-01
7.750000000000001332e-02,4.125000000000000000e+03,2.578000000000000000e+03,4.930569358252423626e+03,9.777049981265751866e-01,9.778486220169718690e-01
7.750000000000001332e-02,4.362500000000000000e+03,4.180000000000000000e+02,4.213204770994072533e+03,7.489898251507786098e-01,7.266895678800421310e-01
7.750000000000001332e-02,4.362500000000000000e+03,5.580000000000000000e+02,4.799529319388872864e+03,8.373814568512243373e-01,8.197028711995233419e-01
7.750000000000001332e-02,4.362500000000000000e+03,6.660000000000000000e+02,4.898299573783515370e+03,8.734756617013821334e-01,8.622746825504064017e-01
7.750000000000001332e-02,4.362500000000000000e+03,7.980000000000000000e+02,4.790374784122585879e+03,9.006359207071750195e-01,8.965090627220674291e-01
7.750000000000001332e-02,4.362500000000000000e+03,9.296999999999999318e+02,4.766108808966884681e+03,9.179173462284373475e-01,9.162654513210990448e-01
7.750000000000001332e-02,4.362500000000000000e+03,1.128000000000000000e+03,4.764160094510416457e+03,9.343377034320037300e-01,9.340626004080194722e-01
7.750000000000001332e-02,4.362500000000000000e+03,1.325000000000000000e+03,4.787786660136128376e+03,9.445559592209198385e-01,9.446081598741643548e-01
7.750000000000001332e-02,4.362500000000000000e+03,1.655000000000000000e+03,4.797050486011533394e+03,9.549802274071919062e-01,9.553659595226944301e-01
7.750000000000001332e-02,4.362500000000000000e+03,2.117000000000000000e+03,4.837068622270401647e+03,9.630268429840498356e-01,9.633554078720839575e-01
7.750000000000001332e-02,4.362500000000000000e+03,2.578000000000000000e+03,4.880198745294883338e+03,9.676526851992204303e-01,9.678589370755681376e-01
7.750000000000001332e-02,4.600000000000000000e+03,4.180000000000000000e+02,3.602835200677167904e+03,6.481445676065861194e-01,6.214136025734552371e-01
7.750000000000001332e-02,4.600000000000000000e+03,5.580000000000000000e+02,4.401639292743509031e+03,7.742546689291811557e-01,7.517479582156000317e-01
7.750000000000001332e-02,4.600000000000000000e+03,6.660000000000000000e+02,4.611501423175123819e+03,8.262677186347615610e-01,8.117880227316649489e-01
7.750000000000001332e-02,4.600000000000000000e+03,7.980000000000000000e+02,4.593857070614993063e+03,8.651039251859420354e-01,8.597311655669400698e-01
7.750000000000001332e-02,4.600000000000000000e+03,9.296999999999999318e+02,4.615824718977590237e+03,8.895270729625980310e-01,8.873739330911007972e-01
7.750000000000001332e-02,4.600000000000000000e+03,1.128000000000000000e+03,4.652004193642089376e+03,9.124315277420900205e-01,9.120732821781628585e-01
7.750000000000001332e-02,4.600000000000000000e+03,1.325000000000000000e+03,4.696349275610689801e+03,9.265001082229704643e-01,9.265679868941457675e-01
7.750000000000001332e-02,4.600000000000000000e+03,1.655000000000000000e+03,4.725832848196054329e+03,9.406817750729018490e-01,9.411824717555904440e-01
7.750000000000001332e-02,4.600000000000000000e+03,2.117000000000000000e+03,4.779673602450240651e+03,9.514986617546539183e-01,9.519245585196253190e-01
7.750000000000001332e-02,4.600000000000000000e+03,2.578000000000000000e+03,4.830132864085067922e+03,9.576625061699611807e-01,9.579296876534617589e-01
1.000000000000000056e-01,3.650000000000000000e+03,4.180000000000000000e+02,5.708416154199036100e+03,9.861909564703563724e-01,9.845822108939659145e-01
1.000000000000000056e-01,3.650000000000000000e+03,5.580000000000000000e+02,5.787780928683261664e+03,9.897825043188408500e-01,9.884845636737569219e-01
1.000000000000000056e-01,3.650000000000000000e+03,6.660000000000000000e+02,5.627505158119716725e+03,9.914781304516175897e-01,9.906407623044477528e-01
1.000000000000000056e-01,3.650000000000000000e+03,7.980000000000000000e+02,5.303731533811140253e+03,9.928947226756736910e-01,9.925827519938827947e-01
1.000000000000000056e-01,3.650000000000000000e+03,9.296999999999999318e+02,5.169191813694795201e+03,9.938804935850252820e-01,9.937565548712382624e-01
1.000000000000000056e-01,3.650000000000000000e+03,1.128000000000000000e+03,5.074349412758861035e+03,9.948949340474394498e-01,9.948784074913680220e-01
1.000000000000000056e-01,3.650000000000000000e+03,1.325000000000000000e+03,5.046148588651044520e+03,9.955724302645313495e-01,9.955817731949124783e-01
1.000000000000000056e-01,3.650000000000000000e+03,1.655000000000000000e+03,5.002802822755669695e+03,9.963065877486133592e-01,9.963429680388240506e-01
1.000000000000000056e-01,3.650000000000000000e+03,2.117000000000000000e+03,5.005689852189853809e+03,9.969068575495593221e-01,9.969381800860328546e-01
1.000000000000000056e-01,3.650000000000000000e+03,2.578000000000000000e+03,5.028584121357315780e+03,9.972663917862704119e-01,9.972872697826752342e-01
1.000000000000000056e-01,3.887500000000000000e+03,4.180000000000000000e+02,5.199500976409976829e+03,9.067048581219280257e-01,8.968050031063963257e-01
1.000000000000000056e-01,3.887500000000000000e+03,5.580000000000000000e+02,5.426666174621063874e+03,9.345999326103888727e-01,9.268104325164574497e-01
1.000000000000000056e-01,3.887500000000000000e+03,6.660000000000000000e+02,5.350661685953439701e+03,9.468702418051639924e-01,9.419064794206546409e-01
1.000000000000000056e-01,3.887500000000000000e+03,7.980000000000000000e+02,5.102055835014552031e+03,9.566697040797019769e-01,9.548395482050662242e-01
1.000000000000000056e-01,3.887500000000000000e+03,9.296999999999999318e+02,5.006724898215519715e+03,9.632439619915702522e-01,9.625229369235537291e-01
1.000000000000000056e-01,3.887500000000000000e+03,1.128000000000000000e+03,4.945945919362482528e+03,9.697988772438701499e-01,9.697035815904720968e-01
1.000000000000000056e-01,3.887500000000000000e+03,1.325000000000000000e+03,4.937326721924928279e+03,9.740581610951848379e-01,9.741117222968413980e-01
1.000000000000000056e-01,3.887500000000000000e+03,1.655000000000000000e+03,4.914593469040218224e+03,9.785680786744141990e-01,9.787754619020883062e-01
1.000000000000000056e-01,3.887500000000000000e+03,2.117000000000000000e+03,4.932460743130695846e+03,9.821759438425554656e-01,9.823537977390480735e-01
1.000000000000000056e-01,3.887500000000000000e+03,2.578000000000000000e+03,4.963714939500429864e+03,9.843038421916723291e-01,9.844221754130044744e-01
1.000000000000000056e-01,4.125000000000000000e+03,4.180000000000000000e+02,4.579360685843969804e+03,8.078057400378646502e-01,7.898437932267046158e-01
1.000000000000000056e-01,4.125000000000000000e+03,5.580000000000000000e+02,5.011315010966522095e+03,8.701549185580523815e-01,8.558733637442549336e-01
1.000000000000000056e-01,4.125000000000000000e+03,6.660000000000000000e+02,5.041594519012759520e+03,8.966018785328894181e-01,8.874996818685239042e-01
1.000000000000000056e-01,4.125000000000000000e+03,7.980000000000000000e+02,4.882665846501543456e+03,9.171308148556617246e-01,9.137811505147009905e-01
1.000000000000000056e-01,4.125000000000000000e+03,9.296999999999999318e+02,4.833623974860534872e+03,9.305600473664406014e-01,9.292449732808533147e-01
1.000000000000000056e-01,4.125000000000000000e+03,1.128000000000000000e+03,4.812153680260445071e+03,9.436452464452474986e-01,9.434722366543395466e-01
1.000000000000000056e-01,4.125000000000000000e+03,1.325000000000000000e+03,4.825610810647362996e+03,9.519737753944459424e-01,9.520706897965407478e-01
1.000000000000000056e-01,4.125000000000000000e+03,1.655000000000000000e+03,4.825391753878305281e+03,9.606363360836052134e-01,9.610103200831230374e-01
1.000000000000000056e-01,4.125000000000000000e+03,2.117000000000000000e+03,4.859226921484327249e+03,9.674484904153096698e-01,9.677684768284974259e-01
1.000000000000000056e-01,4.125000000000000000e+03,2.578000000000000000e+03,4.899213178075734504e+03,9.714172643345128089e-01,9.716299492127505877e-01
1.000000000000000056e-01,4.362500000000000000e+03,4.180000000000000000e+02,3.907945191625295138e+03,6.981154169007541821e-01,6.740386847922017477e-01
1.000000000000000056e-01,4.362500000000000000e+03,5.580000000000000000e+02,4.564461397752239463e+03,7.996294816178208809e-01,7.795560489863426756e-01
1.000000000000000056e-01,4.362500000000000000e+03,6.660000000000000000e+02,4.712512970949212104e+03,8.425272169401761824e-01,8.295696424506789901e-01
1.000000000000000056e-01,4.362500000000000000e+03,7.980000000000000000e+02,4.651848553577920029e+03,8.753831852843431127e-01,8.705841556522406766e-01
1.000000000000000056e-01,4.362500000000000000e+03,9.296999999999999318e+02,4.653755031162165324e+03,8.965521079577614127e-01,8.946658846611454941e-01
1.000000000000000056e-01,4.362500000000000000e+03,1.128000000000000000e+03,4.675150788535642278e+03,9.168593861316823856e-01,9.166114102401847763e-01
1.000000000000000056e-01,4.362500000000000000e+03,1.325000000000000000e+03,4.712383018814935895e+03,9.295926255769272339e-01,9.297313702566841753e-01
1.000000000000000056e-01,4.362500000000000000e+03,1.655000000000000000e+03,4.735933592198815859e+03,9.426594268503076801e-01,9.431941051570380541e-01
1.000000000000000056e-01,4.362500000000000000e+03,2.117000000000000000e+03,4.786360817675028557e+03,9.527993590242721522e-01,9.532563909688784864e-01
1.000000000000000056e-01,4.362500000000000000e+03,2.578000000000000000e+03,4.835295336926948039e+03,9.586498549483934983e-01,9.589535282259877835e-01
1.000000000000000056e-01,4.600000000000000000e+03,4.180000000000000000e+02,3.251067747930269434e+03,5.880720774221133151e-01,5.607410855406327332e-01
1.000000000000000056e-01,4.600000000000000000e+03,5.580000000000000000e+02,4.110185776440511290e+03,7.266319607693539906e-01,7.019711429829795790e-01
1.000000000000000056e-01,4.600000000000000000e+03,6.660000000000000000e+02,4.375753353981437613e+03,7.865932122036959351e-01,7.702879902277646185e-01
1.000000000000000056e-01,4.600000000000000000e+03,7.980000000000000000e+02,4.415636183584203536e+03,8.325003985904915194e-01,8.263774829033124769e-01
1.000000000000000056e-01,4.600000000000000000e+03,9.296999999999999318e+02,4.470650624147642702e+03,8.618840508722622751e-01,8.594647910947544878e-01
1.000000000000000056e-01,4.600000000000000000e+03,1.128000000000000000e+03,4.536823232947351244e+03,8.898097999034150218e-01,8.894908698473956710e-01
1.000000000000000056e-01,4.600000000000000000e+03,1.325000000000000000e+03,4.598797393075892614e+03,9.071428782109299815e-01,9.073214517423821013e-01
1.000000000000000056e-01,4.600000000000000000e+03,1.655000000000000000e+03,4.646810273199242147e+03,9.247561607022788399e-01,9.254445764789130946e-01
1.000000000000000056e-01,4.600000000000000000e+03,2.117000000000000000e+03,4.714151727156612651e+03,9.382866163050911368e-01,9.388751565311107550e-01
1.000000000000000056e-01,4.600000000000000000e+03,2.578000000000000000e+03,4.772125430299811342e+03,9.460342967883630383e-01,9.464254403602528898e-01
