f_spot,tempSpot,wavelength,D_lambda,epsilon_Rackham,epsilon_ourWork
0.000000000000000000e+00,nan,4.875000000000000000e+02,6.269318568511206649e+03,nan,nan
0.000000000000000000e+00,nan,6.660000000000000000e+02,6.220435082185948886e+03,nan,nan
0.000000000000000000e+00,nan,7.980000000000000000e+02,5.857851433702099712e+03,nan,nan
0.000000000000000000e+00,nan,1.062000000000000000e+03,5.562834587618303885e+03,nan,nan
0.000000000000000000e+00,nan,1.325000000000000000e+03,5.489730420002670144e+03,nan,nan
0.000000000000000000e+00,nan,1.655000000000000000e+03,5.478291219637942959e+03,nan,nan
0.000000000000000000e+00,nan,2.117000000000000000e+03,5.468633574407189371e+03,nan,nan
0.000000000000000000e+00,nan,2.578000000000000000e+03,5.428423395572590380e+03,nan,nan
1.500000000000000222e-01,2.800000000000000000e+03,4.875000000000000000e+02,7.077370545677475093e+03,1.106124446000394501e+00,1.128889921342465685e+00
1.500000000000000222e-01,2.800000000000000000e+03,6.660000000000000000e+02,6.859810070565131355e+03,1.085739215672715918e+00,1.102786216708574241e+00
1.500000000000000222e-01,2.800000000000000000e+03,7.980000000000000000e+02,6.347214948616564470e+03,1.074919018463716069e+00,1.083539762053199018e+00
1.500000000000000222e-01,2.800000000000000000e+03,1.062000000000000000e+03,5.913084079062879937e+03,1.059942749807794904e+00,1.062962413483254931e+00
1.500000000000000222e-01,2.800000000000000000e+03,1.325000000000000000e+03,5.775728701740812539e+03,1.050361119549577005e+00,1.052096962848314776e+00
1.500000000000000222e-01,2.800000000000000000e+03,1.655000000000000000e+03,5.718524116526846228e+03,1.042503303764997113e+00,1.043851793790688598e+00
1.500000000000000222e-01,2.800000000000000000e+03,2.117000000000000000e+03,5.669560681863416903e+03,1.035682784256582334e+00,1.036741738996108886e+00
1.500000000000000222e-01,2.800000000000000000e+03,2.578000000000000000e+03,5.602712320377123433e+03,1.031431979164382007e+00,1.032106730095276426e+00
1.500000000000000222e-01,2.810172413793103260e+03,4.875000000000000000e+02,7.057427153476792228e+03,1.103556748998178794e+00,1.125708811309095836e+00
1.500000000000000222e-01,2.810172413793103260e+03,6.660000000000000000e+02,6.841877192911183556e+03,1.083370590293264657e+00,1.099903319062828455e+00
1.500000000000000222e-01,2.810172413793103260e+03,7.980000000000000000e+02,6.332809737130129179e+03,1.072730688795547227e+00,1.081080633198623353e+00
1.500000000000000222e-01,2.810172413793103260e+03,1.062000000000000000e+03,5.902141192386745388e+03,1.058075105801118854e+00,1.060995271281958807e+00
1.500000000000000222e-01,2.810172413793103260e+03,1.325000000000000000e+03,5.766491043150967926e+03,1.048737067753123364e+00,1.050414246597588530e+00
1.500000000000000222e-01,2.810172413793103260e+03,1.655000000000000000e+03,5.710577810578154640e+03,1.041099156489614597e+00,1.042401285661400667e+00
1.500000000000000222e-01,2.810172413793103260e+03,2.117000000000000000e+03,5.662798262951795550e+03,1.034483027036722680e+00,1.035505156069202126e+00
1.500000000000000222e-01,2.810172413793103260e+03,2.578000000000000000e+03,5.596794871516319290e+03,1.030365476172558914e+00,1.031016644000365190e+00
1.500000000000000222e-01,2.820344827586206975e+03,4.875000000000000000e+02,7.036977386857490274e+03,1.100921199826627506e+00,1.122446931027239581e+00
1.500000000000000222e-01,2.820344827586206975e+03,6.660000000000000000e+02,6.823667030189772959e+03,1.080963236708230024e+00,1.096975844942318812e+00
1.500000000000000222e-01,2.820344827586206975e+03,7.980000000000000000e+02,6.318237964185957935e+03,1.070516013027666080e+00,1.078593070461826064e+00
1.500000000000000222e-01,2.820344827586206975e+03,1.062000000000000000e+03,5.891123835386702012e+03,1.056194416817940240e+00,1.059014741962506001e+00
1.500000000000000222e-01,2.820344827586206975e+03,1.325000000000000000e+03,5.757215037317630959e+03,1.047106100025007258e+00,1.048724545077903914e+00
1.500000000000000222e-01,2.820344827586206975e+03,1.655000000000000000e+03,5.702613680814483814e+03,1.039691739328810538e+00,1.040947523996609725e+00
1.500000000000000222e-01,2.820344827586206975e+03,2.117000000000000000e+03,5.656030160758218699e+03,1.033282178911801630e+00,1.034267533891469970e+00
1.500000000000000222e-01,2.820344827586206975e+03,2.578000000000000000e+03,5.590876689535728474e+03,1.029298793731810102e+00,1.029926422853389534e+00
1.500000000000000222e-01,2.830517241379310235e+03,4.875000000000000000e+02,7.016016960333493444e+03,1.098217041194249788e+00,1.119103596932004008e+00
1.500000000000000222e-01,2.830517241379310235e+03,6.660000000000000000e+02,6.805180270444077905e+03,1.078517146288966222e+00,1.094003904957182138e+00
1.500000000000000222e-01,2.830517241379310235e+03,7.980000000000000000e+02,6.303500697116714946e+03,1.068275116754176857e+00,1.076077256048292963e+00
1.500000000000000222e-01,2.830517241379310235e+03,1.062000000000000000e+03,5.880032929361788774e+03,1.054300833268768667e+00,1.057020991141728539e+00
1.500000000000000222e-01,2.830517241379310235e+03,1.325000000000000000e+03,5.747901352262662840e+03,1.045468331652994909e+00,1.047027979974992418e+00
1.500000000000000222e-01,2.830517241379310235e+03,1.655000000000000000e+03,5.694632165716861891e+03,1.038281128848425272e+00,1.039490588836059937e+00
1.500000000000000222e-01,2.830517241379310235e+03,2.117000000000000000e+03,5.649256626182208493e+03,1.032080284185494579e+00,1.033028918342659086e+00
1.500000000000000222e-01,2.830517241379310235e+03,2.578000000000000000e+03,5.584957926651035450e+03,1.028231959195960776e+00,1.028836094694845382e+00
1.500000000000000222e-01,2.840689655172413950e+03,4.875000000000000000e+02,6.994541899683958945e+03,1.095443548065945238e+00,1.115678175107470027e+00
1.500000000000000222e-01,2.840689655172413950e+03,6.660000000000000000e+02,6.786417734550132081e+03,1.076032326608594936e+00,1.090987631071826724e+00
1.500000000000000222e-01,2.840689655172413950e+03,7.980000000000000000e+02,6.288599059839916663e+03,1.066008134026399157e+00,1.073533381823169375e+00
1.500000000000000222e-01,2.840689655172413950e+03,1.062000000000000000e+03,5.868869406078336397e+03,1.052394507416591907e+00,1.055014186318105063e+00
1.500000000000000222e-01,2.840689655172413950e+03,1.325000000000000000e+03,5.738550655845387155e+03,1.043823877921380427e+00,1.045324672944977884e+00
1.500000000000000222e-01,2.840689655172413950e+03,1.655000000000000000e+03,5.686633699995669303e+03,1.036867401097773866e+00,1.038030559531206487e+00
1.500000000000000222e-01,2.840689655172413950e+03,2.117000000000000000e+03,5.642477907269571915e+03,1.030877386662079509e+00,1.031789354780682677e+00
1.500000000000000222e-01,2.840689655172413950e+03,2.578000000000000000e+03,5.579038732560159588e+03,1.027164999541956281e+00,1.027745687101417005e+00
1.500000000000000222e-01,2.850862068965517210e+03,4.875000000000000000e+02,6.972548554555979536e+03,1.092600029318442578e+00,1.112170083296911027e+00
1.500000000000000222e-01,2.850862068965517210e+03,6.660000000000000000e+02,6.767380376532239097e+03,1.073508801553214820e+00,1.087927176655637762e+00
1.500000000000000222e-01,2.850862068965517210e+03,7.980000000000000000e+02,6.273534232215771226e+03,1.063715207281071162e+00,1.070961649201636501e+00
1.500000000000000222e-01,2.850862068965517210e+03,1.062000000000000000e+03,5.857634207699580656e+03,1.050475593308247468e+00,1.052994496859108287e+00
1.500000000000000222e-01,2.850862068965517210e+03,1.325000000000000000e+03,5.729163615440291323e+03,1.042172854081368172e+00,1.043614745555667023e+00
1.500000000000000222e-01,2.850862068965517210e+03,1.655000000000000000e+03,5.678618715232452814e+03,1.035450631603105132e+00,1.036567514862371420e+00
1.500000000000000222e-01,2.850862068965517210e+03,2.117000000000000000e+03,5.635694249023437806e+03,1.029673529649077990e+00,1.030548888007066344e+00
1.500000000000000222e-01,2.850862068965517210e+03,2.578000000000000000e+03,5.573119254725144856e+03,1.026097941373881994e+00,1.026655227237906365e+00
1.500000000000000222e-01,2.861034482758620470e+03,4.875000000000000000e+02,6.950033610986228268e+03,1.089685829382992965e+00,1.108578792900082766e+00
1.500000000000000222e-01,2.861034482758620470e+03,6.660000000000000000e+02,6.748069283642798837e+03,1.070946611417929129e+00,1.084822716495810191e+00
1.500000000000000222e-01,2.861034482758620470e+03,7.980000000000000000e+02,6.258307449134359558e+03,1.061396487262671329e+00,1.068362268993082953e+00
1.500000000000000222e-01,2.861034482758620470e+03,1.062000000000000000e+03,5.846328285392443831e+03,1.048544246705854555e+00,1.050962093750753779e+00
1.500000000000000222e-01,2.861034482758620470e+03,1.325000000000000000e+03,5.719740897961344672e+03,1.040515375322045744e+00,1.041898319290979424e+00
1.500000000000000222e-01,2.861034482758620470e+03,1.655000000000000000e+03,5.670587640054791336e+03,1.034030895361378599e+00,1.035101533070663882e+00
1.500000000000000222e-01,2.861034482758620470e+03,2.117000000000000000e+03,5.628905893797275894e+03,1.028468755959956571e+00,1.029307562338817039e+00
1.500000000000000222e-01,2.861034482758620470e+03,2.578000000000000000e+03,5.567199638783493356e+03,1.025030810926963243e+00,1.025564741933005619e+00
1.500000000000000222e-01,2.871206896551724185e+03,4.875000000000000000e+02,6.926994102789518365e+03,1.086700329871112425e+00,1.104903830789777830e+00
1.500000000000000222e-01,2.871206896551724185e+03,6.660000000000000000e+02,6.728485676272266574e+03,1.068345812987469223e+00,1.081674446782873833e+00
1.500000000000000222e-01,2.871206896551724185e+03,7.980000000000000000e+02,6.242920000161578173e+03,1.059052132939959590e+00,1.065735461340664214e+00
1.500000000000000222e-01,2.871206896551724185e+03,1.062000000000000000e+03,5.834952599932607882e+03,1.046600625018351938e+00,1.048917149706371177e+00
1.500000000000000222e-01,2.871206896551724185e+03,1.325000000000000000e+03,5.710283169128471854e+03,1.038851556741945181e+00,1.040175515417329777e+00
1.500000000000000222e-01,2.871206896551724185e+03,1.655000000000000000e+03,5.662540899953216467e+03,1.032608266834357913e+00,1.033632691824559524e+00
1.500000000000000222e-01,2.871206896551724185e+03,2.117000000000000000e+03,5.622113081055313160e+03,1.027263107916893681e+00,1.028065421564611004e+00
1.500000000000000222e-01,2.871206896551724185e+03,2.578000000000000000e+03,5.561280028565262910e+03,1.023963634071542339e+00,1.024474257682447931e+00
1.500000000000000222e-01,2.881379310344827445e+03,4.875000000000000000e+02,6.903427423884500968e+03,1.083642951179059732e+00,1.101144781277860307e+00
1.500000000000000222e-01,2.881379310344827445e+03,6.660000000000000000e+02,6.708630907593993470e+03,1.065706479601200796e+00,1.078482585053598175e+00
1.500000000000000222e-01,2.881379310344827445e+03,7.980000000000000000e+02,6.227373228365196155e+03,1.056682311416838216e+00,1.063081455520896057e+00
1.500000000000000222e-01,2.881379310344827445e+03,1.062000000000000000e+03,5.823508120828546453e+03,1.044644887233181496e+00,1.046859839009135262e+00
1.500000000000000222e-01,2.881379310344827445e+03,1.325000000000000000e+03,5.700791094227719441e+03,1.037181513321194570e+00,1.038446455122097989e+00
1.500000000000000222e-01,2.881379310344827445e+03,1.655000000000000000e+03,5.654478917063165682e+03,1.031182819943008866e+00,1.032161068180100560e+00
1.500000000000000222e-01,2.881379310344827445e+03,2.117000000000000000e+03,5.615316047537843588e+03,1.026056627353601591e+00,1.026822508975024029e+00
1.500000000000000222e-01,2.881379310344827445e+03,2.578000000000000000e+03,5.555360565200895508e+03,1.022896436317033420e+00,1.023383800484655382e+00
1.500000000000000222e-01,2.891551724137931160e+03,4.875000000000000000e+02,6.879331338785710614e+03,1.080513154066664372e+00,1.097301287788820412e+00
1.500000000000000222e-01,2.891551724137931160e+03,6.660000000000000000e+02,6.688506463414123573e+03,1.063028701202332726e+00,1.075247370166861005e+00
1.500000000000000222e-01,2.891551724137931160e+03,7.980000000000000000e+02,6.211668529726765883e+03,1.054287197837641576e+00,1.060400489843262850e+00
1.500000000000000222e-01,2.891551724137931160e+03,1.062000000000000000e+03,5.811995825890537162e+03,1.042677193848158046e+00,1.044790337434590155e+00
1.500000000000000222e-01,2.891551724137931160e+03,1.325000000000000000e+03,5.691265337388284934e+03,1.035505359894255628e+00,1.036711259381934536e+00
1.500000000000000222e-01,2.891551724137931160e+03,1.655000000000000000e+03,5.646402110322190310e+03,1.029754628062198973e+00,1.030686738609591035e+00
1.500000000000000222e-01,2.891551724137931160e+03,2.117000000000000000e+03,5.608515027080929030e+03,1.024849355618205005e+00,1.025578867329560051e+00
1.500000000000000222e-01,2.891551724137931160e+03,2.578000000000000000e+03,5.549441388412179549e+03,1.021829242815852634e+00,1.022293396078554073e+00
1.500000000000000222e-01,2.901724137931034420e+03,4.875000000000000000e+02,6.854703994172095918e+03,1.077310441206038139e+00,1.093373054705035097e+00
1.500000000000000222e-01,2.901724137931034420e+03,6.660000000000000000e+02,6.668113961447730617e+03,1.060312584371170042e+00,1.071969062187280386e+00
1.500000000000000222e-01,2.901724137931034420e+03,7.980000000000000000e+02,6.195807352248893949e+03,1.051866975286971817e+00,1.057692811497817242e+00
1.500000000000000222e-01,2.901724137931034420e+03,1.062000000000000000e+03,5.800416700986965225e+03,1.040697706803569433e+00,1.042708822206841912e+00
1.500000000000000222e-01,2.901724137931034420e+03,1.325000000000000000e+03,5.681706561260879425e+03,1.033823211123253483e+00,1.034970048904171103e+00
1.500000000000000222e-01,2.901724137931034420e+03,1.655000000000000000e+03,5.638310895544340383e+03,1.028323764015691033e+00,1.029209779015174853e+00
1.500000000000000222e-01,2.901724137931034420e+03,2.117000000000000000e+03,5.601710250563107365e+03,1.023641333576171153e+00,1.024334538846908060e+00
1.500000000000000222e-01,2.901724137931034420e+03,2.578000000000000000e+03,5.543522635230168817e+03,1.020762078367325465e+00,1.021203069707394828e+00
1.500000000000000222e-01,2.911896551724138135e+03,4.875000000000000000e+02,6.829543928199122092e+03,1.074034358695650226e+00,1.089359848852114343e+00
1.500000000000000222e-01,2.911896551724138135e+03,6.660000000000000000e+02,6.647455150808112194e+03,1.057558252342280403e+00,1.068647942303113441e+00
1.500000000000000222e-01,2.911896551724138135e+03,7.980000000000000000e+02,6.179791195008888280e+03,1.049421834684201693e+00,1.054958676393628947e+00
1.500000000000000222e-01,2.911896551724138135e+03,1.062000000000000000e+03,5.788771739375863945e+03,1.038706589414538639e+00,1.040615471878392428e+00
1.500000000000000222e-01,2.911896551724138135e+03,1.325000000000000000e+03,5.672115427408974938e+03,1.032135181471892427e+00,1.033222944198089799e+00
1.500000000000000222e-01,2.911896551724138135e+03,1.655000000000000000e+03,5.630205685351219472e+03,1.026890300071424234e+00,1.027730264716251618e+00
1.500000000000000222e-01,2.911896551724138135e+03,2.117000000000000000e+03,5.594901946503472573e+03,1.022432601613290748e+00,1.023089565314306393e+00
1.500000000000000222e-01,2.911896551724138135e+03,2.578000000000000000e+03,5.537604442132804252e+03,1.019694967421569620e+00,1.020112846512536420e+00
1.500000000000000222e-01,2.922068965517241395e+03,4.875000000000000000e+02,6.803850081164019684e+03,1.070684497535216329e+00,1.085261501200081691e+00
1.500000000000000222e-01,2.922068965517241395e+03,6.660000000000000000e+02,6.626531911076427605e+03,1.054765845005474656e+00,1.065284312676689993e+00
1.500000000000000222e-01,2.922068965517241395e+03,7.980000000000000000e+02,6.163621607239156219e+03,1.046951974672773122e+00,1.052198349001796540e+00
1.500000000000000222e-01,2.922068965517241395e+03,1.062000000000000000e+03,5.777061941551253767e+03,1.036704006303693637e+00,1.038510466302516866e+00
1.500000000000000222e-01,2.922068965517241395e+03,1.325000000000000000e+03,5.662492595686740970e+03,1.030441385179957203e+00,1.031470065461609131e+00
1.500000000000000222e-01,2.922068965517241395e+03,1.655000000000000000e+03,5.622086888591892603e+03,1.025454307937075704e+00,1.026248270343585789e+00
1.500000000000000222e-01,2.922068965517241395e+03,2.117000000000000000e+03,5.588090340356233355e+03,1.021223199638702672e+00,1.021843987958544808e+00
1.500000000000000222e-01,2.922068965517241395e+03,2.578000000000000000e+03,5.531686942120139975e+03,1.018627934083351061e+00,1.019022750994657223e+00
1.500000000000000222e-01,2.932241379310344655e+03,4.875000000000000000e+02,6.777621803832567821e+03,1.067260495056808978e+00,1.081077908191554693e+00
1.500000000000000222e-01,2.932241379310344655e+03,6.660000000000000000e+02,6.605346251470578864e+03,1.051935518890515731e+00,1.061878496310802555e+00
1.500000000000000222e-01,2.932241379310344655e+03,7.980000000000000000e+02,6.147300187362870020e+03,1.044457601504423350e+00,1.049412102190826923e+00
1.500000000000000222e-01,2.932241379310344655e+03,1.062000000000000000e+03,5.765288314921845995e+03,1.034690123334176315e+00,1.036393986575506299e+00
1.500000000000000222e-01,2.932241379310344655e+03,1.325000000000000000e+03,5.652838724317100059e+03,1.028741936238401156e+00,1.029711532595502410e+00
1.500000000000000222e-01,2.932241379310344655e+03,1.655000000000000000e+03,5.613954911306673239e+03,1.024015858755897401e+00,1.024763870015237277e+00
1.500000000000000222e-01,2.932241379310344655e+03,2.117000000000000000e+03,5.581275654790496446e+03,1.020013167087965744e+00,1.020597847497126898e+00
1.500000000000000222e-01,2.932241379310344655e+03,2.578000000000000000e+03,5.525770266801344405e+03,1.017561002115916491e+00,1.017932807398212569e+00
1.500000000000000222e-01,2.942413793103448370e+03,4.875000000000000000e+02,6.750858866698794372e+03,1.063762036307618564e+00,1.076809033218731448e+00
1.500000000000000222e-01,2.942413793103448370e+03,6.660000000000000000e+02,6.583900309600765468e+03,1.049067447135515918e+00,1.058430836848648582e+00
1.500000000000000222e-01,2.942413793103448370e+03,7.980000000000000000e+02,6.130828582147085399e+03,1.041938928918481500e+00,1.046600217082061857e+00
1.500000000000000222e-01,2.942413793103448370e+03,1.062000000000000000e+03,5.753451872757997080e+03,1.032665107543029093e+00,1.034266214847367138e+00
1.500000000000000222e-01,2.942413793103448370e+03,1.325000000000000000e+03,5.643154469793576936e+03,1.027036948365015467e+00,1.027947465185518494e+00
1.500000000000000222e-01,2.942413793103448370e+03,1.655000000000000000e+03,5.605810155870693961e+03,1.022575023102821667e+00,1.023277137180228058e+00
1.500000000000000222e-01,2.942413793103448370e+03,2.117000000000000000e+03,5.574458110223057702e+03,1.018802542926170007e+00,1.019351184235696373e+00
1.500000000000000222e-01,2.942413793103448370e+03,2.578000000000000000e+03,5.519854546245040183e+03,1.016494194944797202e+00,1.016843039683864802e+00
1.500000000000000222e-01,2.952586206896551630e+03,4.875000000000000000e+02,6.723561467333883229e+03,1.060188855379781137e+00,1.072454907795592716e+00
1.500000000000000222e-01,2.952586206896551630e+03,6.660000000000000000e+02,6.562196350370030814e+03,1.046161819438996776e+00,1.054941698397080962e+00
1.500000000000000222e-01,2.952586206896551630e+03,7.980000000000000000e+02,6.114208485222150557e+03,1.039396178016375183e+00,1.043762982796925476e+00
1.500000000000000222e-01,2.952586206896551630e+03,1.062000000000000000e+03,5.741553634385665646e+03,1.030629127074993878e+00,1.032127334356687909e+00
1.500000000000000222e-01,2.952586206896551630e+03,1.325000000000000000e+03,5.633440486321639582e+03,1.025326534980681714e+00,1.026177982400618305e+00
1.500000000000000222e-01,2.952586206896551630e+03,1.655000000000000000e+03,5.597653021555793202e+03,1.021131870980828582e+00,1.021788144721108571e+00
1.500000000000000222e-01,2.952586206896551630e+03,2.117000000000000000e+03,5.567637923787005093e+03,1.017591365651087099e+00,1.018104037879434598e+00
1.500000000000000222e-01,2.952586206896551630e+03,2.578000000000000000e+03,5.513939908470489172e+03,1.015427535661589609e+00,1.015753471434753141e+00
1.500000000000000222e-01,2.962758620689655345e+03,4.875000000000000000e+02,6.695730238263974570e+03,1.056540736682741066e+00,1.068015632814465432e+00
1.500000000000000222e-01,2.962758620689655345e+03,6.660000000000000000e+02,6.540236764554063484e+03,1.043218841995617652e+00,1.051411465298297321e+00
1.500000000000000222e-01,2.962758620689655345e+03,7.980000000000000000e+02,6.097441636861211919e+03,1.036829577131499924e+00,1.040900696419283067e+00
1.500000000000000222e-01,2.962758620689655345e+03,1.062000000000000000e+03,5.729594625052070114e+03,1.028582351116757332e+00,1.029977529406489900e+00
1.500000000000000222e-01,2.962758620689655345e+03,1.325000000000000000e+03,5.623697426891616487e+03,1.023610809186199733e+00,1.024403203188414713e+00
1.500000000000000222e-01,2.962758620689655345e+03,1.655000000000000000e+03,5.589483903819858824e+03,1.019686471817570217e+00,1.020296964824236596e+00
1.500000000000000222e-01,2.962758620689655345e+03,2.117000000000000000e+03,5.560815310569067151e+03,1.016379673296356367e+00,1.016856447759323601e+00
1.500000000000000222e-01,2.962758620689655345e+03,2.578000000000000000e+03,5.508026479581817512e+03,1.014361047027705798e+00,1.014664125881218348e+00
1.500000000000000222e-01,2.972931034482758605e+03,4.875000000000000000e+02,6.667366253150564262e+03,1.052817516153659705e+00,1.063491379531840142e+00
1.500000000000000222e-01,2.972931034482758605e+03,6.660000000000000000e+02,6.518024067303506854e+03,1.040238737415609904e+00,1.047840541889070165e+00
1.500000000000000222e-01,2.972931034482758605e+03,7.980000000000000000e+02,6.080529821857916431e+03,1.034239361694606174e+00,1.038013662633141543e+00
1.500000000000000222e-01,2.972931034482758605e+03,1.062000000000000000e+03,5.717575874358726651e+03,1.026524949831674416e+00,1.027816985082541157e+00
1.500000000000000222e-01,2.972931034482758605e+03,1.325000000000000000e+03,5.613925941163722200e+03,1.021889883739693916e+00,1.022623245889912269e+00
1.500000000000000222e-01,2.972931034482758605e+03,1.655000000000000000e+03,5.581303195117626274e+03,1.018238894462244026e+00,1.018803669127777978e+00
1.500000000000000222e-01,2.972931034482758605e+03,2.117000000000000000e+03,5.553990482158655141e+03,1.015167503434707186e+00,1.015608452566822084e+00
1.500000000000000222e-01,2.972931034482758605e+03,2.578000000000000000e+03,5.502114383130418901e+03,1.013294751478097666e+00,1.013575025783348238e+00
1.500000000000000222e-01,2.983103448275861865e+03,4.875000000000000000e+02,6.638471031931380821e+03,1.049019082401457803e+00,1.058882390388376393e+00
1.500000000000000222e-01,2.983103448275861865e+03,6.660000000000000000e+02,6.495560896296992723e+03,1.037221744627978337e+00,1.044229352203827066e+00
1.500000000000000222e-01,2.983103448275861865e+03,7.980000000000000000e+02,6.063474869339779616e+03,1.031625774094856451e+00,1.035102193690789374e+00
1.500000000000000222e-01,2.983103448275861865e+03,1.062000000000000000e+03,5.705498417465149032e+03,1.024457094295003090e+00,1.025645887469741613e+00
1.500000000000000222e-01,2.983103448275861865e+03,1.325000000000000000e+03,5.604126677338672380e+03,1.020163871034589276e+00,1.020838228580256413e+00
1.500000000000000222e-01,2.983103448275861865e+03,1.655000000000000000e+03,5.573111284589371280e+03,1.016789207182711152e+00,1.017308328664881634e+00
1.500000000000000222e-01,2.983103448275861865e+03,2.117000000000000000e+03,5.547163648431108413e+03,1.013954893181209682e+00,1.014360090679952364e+00
1.500000000000000222e-01,2.983103448275861865e+03,2.578000000000000000e+03,5.496203742364036771e+03,1.012228671124953960e+00,1.012486193845293592e+00
1.500000000000000222e-01,2.993275862068965580e+03,4.875000000000000000e+02,6.609046547381147320e+03,1.045145377780166251e+00,1.054188980055390079e+00
1.500000000000000222e-01,2.993275862068965580e+03,6.660000000000000000e+02,6.472850010334596845e+03,1.034168118767564204e+00,1.040578339748535086e+00
1.500000000000000222e-01,2.993275862068965580e+03,7.980000000000000000e+02,6.046278650975733399e+03,1.028989063536726034e+00,1.032166609106805133e+00
1.500000000000000222e-01,2.993275862068965580e+03,1.062000000000000000e+03,5.693363293315489500e+03,1.022378956429681240e+00,1.023464423333333428e+00
1.500000000000000222e-01,2.993275862068965580e+03,1.325000000000000000e+03,5.594300280581832340e+03,1.018432883078160156e+00,1.019048268781677535e+00
1.500000000000000222e-01,2.993275862068965580e+03,1.655000000000000000e+03,5.564908557339931576e+03,1.015337477662853871e+00,1.015811013732072610e+00
1.500000000000000222e-01,2.993275862068965580e+03,2.117000000000000000e+03,5.540335015999043208e+03,1.012741879196558337e+00,1.013111399880111119e+00
1.500000000000000222e-01,2.993275862068965580e+03,2.578000000000000000e+03,5.490294677549578410e+03,1.011162827761368677e+00,1.011397652222089105e+00
1.500000000000000222e-01,3.003448275862068840e+03,4.875000000000000000e+02,6.579095228082976064e+03,1.041196399387383176e+00,1.049411535908811421e+00
1.500000000000000222e-01,3.003448275862068840e+03,6.660000000000000000e+02,6.449894287053781227e+03,1.031078131046085256e+00,1.036887967133513833e+00
1.500000000000000222e-01,3.003448275862068840e+03,7.980000000000000000e+02,6.028943080162774095e+03,1.026329485892901738e+00,1.029207235519209229e+00
1.500000000000000222e-01,3.003448275862068840e+03,1.062000000000000000e+03,5.681171544916097446e+03,1.020290708942674929e+00,1.021272780168798633e+00
1.500000000000000222e-01,3.003448275862068840e+03,1.325000000000000000e+03,5.584447393916391775e+03,1.016697031470640944e+00,1.017253483626191501e+00
1.500000000000000222e-01,3.003448275862068840e+03,1.655000000000000000e+03,5.556695395674493739e+03,1.013883773000162858e+00,1.014311794114832077e+00
1.500000000000000222e-01,3.003448275862068840e+03,2.117000000000000000e+03,5.533504789198340404e+03,1.011528497690380002e+00,1.011862417532369163e+00
1.500000000000000222e-01,3.003448275862068840e+03,2.578000000000000000e+03,5.484387307737260016e+03,1.010097242864981038e+00,1.010309422844635430e+00
1.500000000000000222e-01,3.013620689655172555e+03,4.875000000000000000e+02,6.548619961967982817e+03,1.037172199983757315e+00,1.044550518593778010e+00
1.500000000000000222e-01,3.013620689655172555e+03,6.660000000000000000e+02,6.426696721121394148e+03,1.027952068607302261e+00,1.033158715782781290e+00
1.500000000000000222e-01,3.013620689655172555e+03,7.980000000000000000e+02,6.011470110665828543e+03,1.023647303553357757e+00,1.026224406457273863e+00
1.500000000000000222e-01,3.013620689655172555e+03,1.062000000000000000e+03,5.668924218760751501e+03,1.018192525261926829e+00,1.019071146098534220e+00
1.500000000000000222e-01,3.013620689655172555e+03,1.325000000000000000e+03,5.574568657426337268e+03,1.014956427384901438e+00,1.015453989710413785e+00
1.500000000000000222e-01,3.013620689655172555e+03,1.655000000000000000e+03,5.548472178006913055e+03,1.012428159703554043e+00,1.012810738888322293e+00
1.500000000000000222e-01,3.013620689655172555e+03,2.117000000000000000e+03,5.526673169925499678e+03,1.010314784424569012e+00,1.010613180555729906e+00
1.500000000000000222e-01,3.013620689655172555e+03,2.578000000000000000e+03,5.478481749851438508e+03,1.009031937601587270e+00,1.009221527252217587e+00
1.500000000000000222e-01,3.023793103448275815e+03,4.875000000000000000e+02,6.517624099284802469e+03,1.033072888829584368e+00,1.039606462498293693e+00
1.500000000000000222e-01,3.023793103448275815e+03,6.660000000000000000e+02,6.403260421896872685e+03,1.024790234366489861e+00,1.029391085558387653e+00
1.500000000000000222e-01,3.023793103448275815e+03,7.980000000000000000e+02,5.993861735678063269e+03,1.020942785270779751e+00,1.023218462181108457e+00
1.500000000000000222e-01,3.023793103448275815e+03,1.062000000000000000e+03,5.656622364694329917e+03,1.016084579473931049e+00,1.016859709847346194e+00
1.500000000000000222e-01,3.023793103448275815e+03,1.325000000000000000e+03,5.564664708571420306e+03,1.013211181546679107e+00,1.013649903152933573e+00
1.500000000000000222e-01,3.023793103448275815e+03,1.655000000000000000e+03,5.540239279479108518e+03,1.010970703691404848e+00,1.011307916530450379e+00
1.500000000000000222e-01,3.023793103448275815e+03,2.117000000000000000e+03,5.519840357061878422e+03,1.009100774716645166e+00,1.009363725317844240e+00
1.500000000000000222e-01,3.023793103448275815e+03,2.578000000000000000e+03,5.472578119259496816e+03,1.007966932828723072e+00,1.008133986697301365e+00
1.500000000000000222e-01,3.033965517241379530e+03,4.875000000000000000e+02,6.486111453993359646e+03,1.028898632434771310e+00,1.034579975975544519e+00
1.500000000000000222e-01,3.033965517241379530e+03,6.660000000000000000e+02,6.379588611364451026e+03,1.021592946834410709e+00,1.025585594427998348e+00
1.500000000000000222e-01,3.033965517241379530e+03,7.980000000000000000e+02,5.976119986161321322e+03,1.018216206002509283e+00,1.020189749398351831e+00
1.500000000000000222e-01,3.033965517241379530e+03,1.062000000000000000e+03,5.644267035377570210e+03,1.013967046261965876e+00,1.014638660646232093e+00
1.500000000000000222e-01,3.033965517241379530e+03,1.325000000000000000e+03,5.554736181620501156e+03,1.011461404215363791e+00,1.011841339491092784e+00
1.500000000000000222e-01,3.033965517241379530e+03,1.655000000000000000e+03,5.531997071805627456e+03,1.009511470289806478e+00,1.009803394893496353e+00
1.500000000000000222e-01,3.033965517241379530e+03,2.117000000000000000e+03,5.513006546959742082e+03,1.007886503443132575e+00,1.008114087723890551e+00
1.500000000000000222e-01,3.033965517241379530e+03,2.578000000000000000e+03,5.466676529919389395e+03,1.006902249099216995e+00,1.007046822172713796e+00
1.500000000000000222e-01,3.044137931034482790e+03,4.875000000000000000e+02,6.454086304223948900e+03,1.024649655218624389e+00,1.029471741417125052e+00
1.500000000000000222e-01,3.044137931034482790e+03,6.660000000000000000e+02,6.355684621365154271e+03,1.018360539926025155e+00,1.021742778019905984e+00
1.500000000000000222e-01,3.044137931034482790e+03,7.980000000000000000e+02,5.958246929949506921e+03,1.015467846749196656e+00,1.017138621111112418e+00
1.500000000000000222e-01,3.044137931034482790e+03,1.062000000000000000e+03,5.631859285613938482e+03,1.011840100845001533e+00,1.012408188111375562e+00
1.500000000000000222e-01,3.044137931034482790e+03,1.325000000000000000e+03,5.544783708129497427e+03,1.009707205165333077e+00,1.010028413768048194e+00
1.500000000000000222e-01,3.044137931034482790e+03,1.655000000000000000e+03,5.523745923027623576e+03,1.008050524231025369e+00,1.008297241159203050e+00
1.500000000000000222e-01,3.044137931034482790e+03,2.117000000000000000e+03,5.506171933924552832e+03,1.006672005042957618e+00,1.006864303304767061e+00
1.500000000000000222e-01,3.044137931034482790e+03,2.578000000000000000e+03,5.460777093721502752e+03,1.005837906664715620e+00,1.005960054290404138e+00
1.500000000000000222e-01,3.054310344827586050e+03,4.875000000000000000e+02,6.421553392842449284e+03,1.020326240076123714e+00,1.024282515343193811e+00
1.500000000000000222e-01,3.054310344827586050e+03,6.660000000000000000e+02,6.331551891472387069e+03,1.015093362754189821e+00,1.017863189281510872e+00
1.500000000000000222e-01,3.054310344827586050e+03,7.980000000000000000e+02,5.940244670297079210e+03,1.012697994390334255e+00,1.014065436368178474e+00
1.500000000000000222e-01,3.054310344827586050e+03,1.062000000000000000e+03,5.619400172648392072e+03,1.009703918917316923e+00,1.010168482297854275e+00
1.500000000000000222e-01,3.054310344827586050e+03,1.325000000000000000e+03,5.534807916340644624e+03,1.007948693667832352e+00,1.008211240423341648e+00
1.500000000000000222e-01,3.054310344827586050e+03,1.655000000000000000e+03,5.515486197923968575e+03,1.006587929652169588e+00,1.006789521913821206e+00
1.500000000000000222e-01,3.054310344827586050e+03,2.117000000000000000e+03,5.499336709683056142e+03,1.005457313520866203e+00,1.005614407119825193e+00
1.500000000000000222e-01,3.054310344827586050e+03,2.578000000000000000e+03,5.454879920723243231e+03,1.004773925479176544e+00,1.004873703324657974e+00
1.500000000000000222e-01,3.064482758620689765e+03,4.875000000000000000e+02,6.388517925551728695e+03,1.015928728847596885e+00,1.019013128099634624e+00
1.500000000000000222e-01,3.064482758620689765e+03,6.660000000000000000e+02,6.307193966084146268e+03,1.011791779408634406e+00,1.013947398011862067e+00
1.500000000000000222e-01,3.064482758620689765e+03,7.980000000000000000e+02,5.922115344774158984e+03,1.009906941516861112e+00,1.010970560076400737e+00
1.500000000000000222e-01,3.064482758620689765e+03,1.062000000000000000e+03,5.606890755303517835e+03,1.007558676588840463e+00,1.007919733544346830e+00
1.500000000000000222e-01,3.064482758620689765e+03,1.325000000000000000e+03,5.524809431430521727e+03,1.006185978473390641e+00,1.006389933338080800e+00
1.500000000000000222e-01,3.064482758620689765e+03,1.655000000000000000e+03,5.507218257562951294e+03,1.005123750094055524e+00,1.005280303066276248e+00
1.500000000000000222e-01,3.064482758620689765e+03,2.117000000000000000e+03,5.492501063001586772e+03,1.004242462450854578e+00,1.004364433687072289e+00
1.500000000000000222e-01,3.064482758620689765e+03,2.578000000000000000e+03,5.448985120273142456e+03,1.003710325202335607e+00,1.003787789419175125e+00
1.500000000000000222e-01,3.074655172413793025e+03,4.875000000000000000e+02,6.354985569420268803e+03,1.011457522688948174e+00,1.013664483623362145e+00
1.500000000000000222e-01,3.074655172413793025e+03,6.660000000000000000e+02,6.282614491818217175e+03,1.008456168720514912e+00,1.009995990442909219e+00
1.500000000000000222e-01,3.074655172413793025e+03,7.980000000000000000e+02,5.903861123650933223e+03,1.007094986261019010e+00,1.007854362724893482e+00
1.500000000000000222e-01,3.074655172413793025e+03,1.062000000000000000e+03,5.594332093707077547e+03,1.005404550326242985e+00,1.005662132424156585e+00
1.500000000000000222e-01,3.074655172413793025e+03,1.325000000000000000e+03,5.514788875015663507e+03,1.004419167794777579e+00,1.004564605744881156e+00
1.500000000000000222e-01,3.074655172413793025e+03,1.655000000000000000e+03,5.498942459692845659e+03,1.003658048500265521e+00,1.003769649919463047e+00
1.500000000000000222e-01,3.074655172413793025e+03,2.117000000000000000e+03,5.485665180611665164e+03,1.003027484979616801e+00,1.003114417152427773e+00
1.500000000000000222e-01,3.074655172413793025e+03,2.578000000000000000e+03,5.443092798590676466e+03,1.002647125203141920e+00,1.002702332141234720e+00
1.500000000000000222e-01,3.084827586206896740e+03,4.875000000000000000e+02,6.320962449791633844e+03,1.006913082339866206e+00,1.008237558949359736e+00
1.500000000000000222e-01,3.084827586206896740e+03,6.660000000000000000e+02,6.257817214515904197e+03,1.005086924012883021e+00,1.006009568757820549e+00
1.500000000000000222e-01,3.084827586206896740e+03,7.980000000000000000e+02,5.885484209126600945e+03,1.004262432123651738e+00,1.004717220253405818e+00
1.500000000000000222e-01,3.084827586206896740e+03,1.062000000000000000e+03,5.581725248920532977e+03,1.003241716894800684e+00,1.003395869678432639e+00
1.500000000000000222e-01,3.084827586206896740e+03,1.325000000000000000e+03,5.504746865525822614e+03,1.002648369290482178e+00,1.002735370295859685e+00
1.500000000000000222e-01,3.084827586206896740e+03,1.655000000000000000e+03,5.490659158495336669e+03,1.002190887216397375e+00,1.002257627125235473e+00
1.500000000000000222e-01,3.084827586206896740e+03,2.117000000000000000e+03,5.478829246673755733e+03,1.001812413830002191e+00,1.001864391191664705e+00
1.500000000000000222e-01,3.084827586206896740e+03,2.578000000000000000e+03,5.437203061726570013e+03,1.001584344563162032e+00,1.001617351027029423e+00
1.500000000000000222e-01,3.095000000000000000e+03,4.875000000000000000e+02,6.286455146171098932e+03,1.002295928287742832e+00,1.002733403554568747e+00
1.500000000000000222e-01,3.095000000000000000e+03,6.660000000000000000e+02,6.232805976558952352e+03,1.001684452837426020e+00,1.001988750659649430e+00
1.500000000000000222e-01,3.095000000000000000e+03,7.980000000000000000e+02,5.866986833298226884e+03,1.001409587799132250e+00,1.001559513705583049e+00
1.500000000000000222e-01,3.095000000000000000e+03,1.062000000000000000e+03,5.569071283064386080e+03,1.001070353301049654e+00,1.001121136238701803e+00
1.500000000000000222e-01,3.095000000000000000e+03,1.325000000000000000e+03,5.494684017725792728e+03,1.000873690048721176e+00,1.000902338975530270e+00
1.500000000000000222e-01,3.095000000000000000e+03,1.655000000000000000e+03,5.482368704586959211e+03,1.000722327989494564e+00,1.000744298684670186e+00
1.500000000000000222e-01,3.095000000000000000e+03,2.117000000000000000e+03,5.471993443192935047e+03,1.000597281304484776e+00,1.000614389086420086e+00
1.500000000000000222e-01,3.095000000000000000e+03,2.578000000000000000e+03,5.431316013004061460e+03,1.000522002079957007e+00,1.000532865110306258e+00
1.500000000000000222e-01,3.105000000000000000e+03,4.875000000000000000e+02,6.252067579020304038e+03,9.976867177717795299e-01,9.972483469610957663e-01
1.500000000000000222e-01,3.105000000000000000e+03,6.660000000000000000e+02,6.208013920324550782e+03,9.983076726358036668e-01,9.980031683158353539e-01
1.500000000000000222e-01,3.105000000000000000e+03,7.980000000000000000e+02,5.848687747882386248e+03,9.985856235513187462e-01,9.984356575233384046e-01
1.500000000000000222e-01,3.105000000000000000e+03,1.062000000000000000e+03,5.556586890599235630e+03,9.989276496965527885e-01,9.988768860693837404e-01
1.500000000000000222e-01,3.105000000000000000e+03,1.325000000000000000e+03,5.484772007775973179e+03,9.991254107101097404e-01,9.990967840226488983e-01
1.500000000000000222e-01,3.105000000000000000e+03,1.655000000000000000e+03,5.474212131464595586e+03,9.992773562620345107e-01,9.992554086648908207e-01
1.500000000000000222e-01,3.105000000000000000e+03,2.117000000000000000e+03,5.465273801581127373e+03,9.994027153268068009e-01,9.993856284608672036e-01
1.500000000000000222e-01,3.105000000000000000e+03,2.578000000000000000e+03,5.425531464354982745e+03,9.994781104296461827e-01,9.994672613009577544e-01
1.500000000000000222e-01,3.115172413793103260e+03,4.875000000000000000e+02,6.216621333948180109e+03,9.929271430380297581e-01,9.915944238616763995e-01
1.500000000000000222e-01,3.115172413793103260e+03,6.660000000000000000e+02,6.182590115869302281e+03,9.948405716395856135e-01,9.939160258379632351e-01
1.500000000000000222e-01,3.115172413793103260e+03,7.980000000000000000e+02,5.829958206222673653e+03,9.956934753269972571e-01,9.952383177014446636e-01
1.500000000000000222e-01,3.115172413793103260e+03,1.062000000000000000e+03,5.543842622586669677e+03,9.967398945736077875e-01,9.965859195105484236e-01
1.500000000000000222e-01,3.115172413793103260e+03,1.325000000000000000e+03,5.474669641234774645e+03,9.973433501963555603e-01,9.972565540353276470e-01
1.500000000000000222e-01,3.115172413793103260e+03,1.655000000000000000e+03,5.465908516850692649e+03,9.978062051243593578e-01,9.977396778866259863e-01
1.500000000000000222e-01,3.115172413793103260e+03,2.117000000000000000e+03,5.458438784625485823e+03,9.981875549992910157e-01,9.981357701804314253e-01
1.500000000000000222e-01,3.115172413793103260e+03,2.578000000000000000e+03,5.419650048110624994e+03,9.984166913335320581e-01,9.983838129742935719e-01
1.500000000000000222e-01,3.125344827586206975e+03,4.875000000000000000e+02,6.180713178763897304e+03,9.880967622315236509e-01,9.858668228805047562e-01
1.500000000000000222e-01,3.125344827586206975e+03,6.660000000000000000e+02,6.156964354832927711e+03,9.913415416602432417e-01,9.897964167273783920e-01
1.500000000000000222e-01,3.125344827586206975e+03,7.980000000000000000e+02,5.811115028944047481e+03,9.927819868616749588e-01,9.920215790231273756e-01
1.500000000000000222e-01,3.125344827586206975e+03,1.062000000000000000e+03,5.531054401544776738e+03,9.945441381873247888e-01,9.942870517587808488e-01
1.500000000000000222e-01,3.125344827586206975e+03,1.325000000000000000e+03,5.464548248784728457e+03,9.955577248566315207e-01,9.954128583206587333e-01
1.500000000000000222e-01,3.125344827586206975e+03,1.655000000000000000e+03,5.457598774875394156e+03,9.963338366793130785e-01,9.962228286279537492e-01
1.500000000000000222e-01,3.125344827586206975e+03,2.117000000000000000e+03,5.451604426005674213e+03,9.969724271927927761e-01,9.968860322839675492e-01
1.500000000000000222e-01,3.125344827586206975e+03,2.578000000000000000e+03,5.413771620821017677e+03,9.973557648139105281e-01,9.973009152595719851e-01
1.500000000000000222e-01,3.135517241379310235e+03,4.875000000000000000e+02,6.144351444791084759e+03,9.831963333185893550e-01,9.800668729217570929e-01
1.500000000000000222e-01,3.135517241379310235e+03,6.660000000000000000e+02,6.131140832634662729e+03,9.878110440520977420e-01,9.856450154416036558e-01
1.500000000000000222e-01,3.135517241379310235e+03,7.980000000000000000e+02,5.792160555655123972e+03,9.898514857580189563e-01,9.887858408854421910e-01
1.500000000000000222e-01,3.135517241379310235e+03,1.062000000000000000e+03,5.518223288716095340e+03,9.923405579524001707e-01,9.919804735877812973e-01
1.500000000000000222e-01,3.135517241379310235e+03,1.325000000000000000e+03,5.454408430719426178e+03,9.937686393591790290e-01,9.935658062271067736e-01
1.500000000000000222e-01,3.135517241379310235e+03,1.655000000000000000e+03,5.449283242160984628e+03,9.948603102876856230e-01,9.947049223354585967e-01
1.500000000000000222e-01,3.135517241379310235e+03,2.117000000000000000e+03,5.444770898036966173e+03,9.957573625700084641e-01,9.956364462812248295e-01
1.500000000000000222e-01,3.135517241379310235e+03,2.578000000000000000e+03,5.407896279542634147e+03,9.962953485700354328e-01,9.962185860361043588e-01
1.500000000000000222e-01,3.145689655172413950e+03,4.875000000000000000e+02,6.107544884789816933e+03,9.782266732179724089e-01,9.741959701116597037e-01
1.500000000000000222e-01,3.145689655172413950e+03,6.660000000000000000e+02,6.105123825069446866e+03,9.842495528955034212e-01,9.814625093593967176e-01
1.500000000000000222e-01,3.145689655172413950e+03,7.980000000000000000e+02,5.773097149378459108e+03,9.869023039110471629e-01,9.855315066824634762e-01
1.500000000000000222e-01,3.145689655172413950e+03,1.062000000000000000e+03,5.505350344355842026e+03,9.901293312514576339e-01,9.896663755937648022e-01
1.500000000000000222e-01,3.145689655172413950e+03,1.325000000000000000e+03,5.444250783141479587e+03,9.919761977298779954e-01,9.917155063397141701e-01
1.500000000000000222e-01,3.145689655172413950e+03,1.655000000000000000e+03,5.440962251842540354e+03,9.933856847114425070e-01,9.931860198191746480e-01
1.500000000000000222e-01,3.145689655172413950e+03,2.117000000000000000e+03,5.437938370952632795e+03,9.945423913906606961e-01,9.943870433012356180e-01
1.500000000000000222e-01,3.145689655172413950e+03,2.578000000000000000e+03,5.402024121575977006e+03,9.952354600335271417e-01,9.951368432281563203e-01
1.500000000000000222e-01,3.155862068965517210e+03,4.875000000000000000e+02,6.070302662592896922e+03,9.731886573109080896e-01,9.682555761454038068e-01
1.500000000000000222e-01,3.155862068965517210e+03,6.660000000000000000e+02,6.078917685040541073e+03,9.806575546601059568e-01,9.772495982554846305e-01
1.500000000000000222e-01,3.155862068965517210e+03,7.980000000000000000e+02,5.753927195428997948e+03,9.839347773228258598e-01,9.822589836138225783e-01
1.500000000000000222e-01,3.155862068965517210e+03,1.062000000000000000e+03,5.492436627590691387e+03,9.879106353827996623e-01,9.873449481700743435e-01
1.500000000000000222e-01,3.155862068965517210e+03,1.325000000000000000e+03,5.434075898134605268e+03,9.901805033392681032e-01,9.898620665114484796e-01
1.500000000000000222e-01,3.155862068965517210e+03,1.655000000000000000e+03,5.432636133910317767e+03,9.919100181141516925e-01,9.916661813150848825e-01
1.500000000000000222e-01,3.155862068965517210e+03,2.117000000000000000e+03,5.431107012323188428e+03,9.933275435150027421e-01,9.931378539861177579e-01
1.500000000000000222e-01,3.155862068965517210e+03,2.578000000000000000e+03,5.396155240990019593e+03,9.941761163715665539e-01,9.940557041646956860e-01
1.500000000000000222e-01,3.166034482758620470e+03,4.875000000000000000e+02,6.032634343308473944e+03,9.680832188401413685e-01,9.622472167243945051e-01
1.500000000000000222e-01,3.166034482758620470e+03,6.660000000000000000e+02,6.052526839050109629e+03,9.770355478574448416e-01,9.730069937363876598e-01
1.500000000000000222e-01,3.166034482758620470e+03,7.980000000000000000e+02,5.734653099979558647e+03,9.809492459161105460e-01,9.789686824398206033e-01
1.500000000000000222e-01,3.166034482758620470e+03,1.062000000000000000e+03,5.479483195216183958e+03,9.856846475090632609e-01,9.850163812909982219e-01
1.500000000000000222e-01,3.166034482758620470e+03,1.325000000000000000e+03,5.423884363957687128e+03,9.883816588900489197e-01,9.880055938985523589e-01
1.500000000000000222e-01,3.166034482758620470e+03,1.655000000000000000e+03,5.424305214409508153e+03,9.904333680615606816e-01,9.901454663390453215e-01
1.500000000000000222e-01,3.166034482758620470e+03,2.117000000000000000e+03,5.424276987700538484e+03,9.921128484073247211e-01,9.918889086088641394e-01
1.500000000000000222e-01,3.166034482758620470e+03,2.578000000000000000e+03,5.390289731091346766e+03,9.931173344900605660e-01,9.929751860342460601e-01
1.500000000000000222e-01,3.176206896551724185e+03,4.875000000000000000e+02,5.994549882074818015e+03,9.629113481983679890e-01,9.561724797625591465e-01
1.500000000000000222e-01,3.176206896551724185e+03,6.660000000000000000e+02,6.025955783690695171e+03,9.733840426834174941e-01,9.687354186763876829e-01
1.500000000000000222e-01,3.176206896551724185e+03,7.980000000000000000e+02,5.715277288632080854e+03,9.779460533471278083e-01,9.756610172375242973e-01
1.500000000000000222e-01,3.176206896551724185e+03,1.062000000000000000e+03,5.466491103394033416e+03,9.834515446067899624e-01,9.826808648168847693e-01
1.500000000000000222e-01,3.176206896551724185e+03,1.325000000000000000e+03,5.413676764574936897e+03,9.865797664050579563e-01,9.861461948749578044e-01
1.500000000000000222e-01,3.176206896551724185e+03,1.655000000000000000e+03,5.415969816121246367e+03,9.889557915223173845e-01,9.886239338110953678e-01
1.500000000000000222e-01,3.176206896551724185e+03,2.117000000000000000e+03,5.417448460304896798e+03,9.908983351394597960e-01,9.906402370160920512e-01
1.500000000000000222e-01,3.176206896551724185e+03,2.578000000000000000e+03,5.384427683502001855e+03,9.920591310367764537e-01,9.918953057150127206e-01
1.500000000000000222e-01,3.186379310344827445e+03,4.875000000000000000e+02,5.956059611862185193e+03,9.576740921069158974e-01,9.500330134406598237e-01
1.500000000000000222e-01,3.186379310344827445e+03,6.660000000000000000e+02,5.999209081843814602e+03,9.697035606511350547e-01,9.644356066064124766e-01
1.500000000000000222e-01,3.186379310344827445e+03,7.980000000000000000e+02,5.695802204946254278e+03,9.749255468176752926e-01,9.723364051495870797e-01
1.500000000000000222e-01,3.186379310344827445e+03,1.062000000000000000e+03,5.453461405226289571e+03,9.812115034169236472e-01,9.803385880580638423e-01
1.500000000000000222e-01,3.186379310344827445e+03,1.325000000000000000e+03,5.403453679835745788e+03,9.847749272157183542e-01,9.842839750650483888e-01
1.500000000000000222e-01,3.186379310344827445e+03,1.655000000000000000e+03,5.407630258297491309e+03,9.874773448688344279e-01,9.871016420070634068e-01
1.500000000000000222e-01,3.186379310344827445e+03,2.117000000000000000e+03,5.410621590909215229e+03,9.896840323942894813e-01,9.893918686069100854e-01
1.500000000000000222e-01,3.186379310344827445e+03,2.578000000000000000e+03,5.378569188963510896e+03,9.910015224044469440e-01,9.908160799229955851e-01
1.500000000000000222e-01,3.196551724137931160e+03,4.875000000000000000e+02,5.917174230982591325e+03,9.523725526859000423e-01,9.438305242140151430e-01
1.500000000000000222e-01,3.196551724137931160e+03,6.660000000000000000e+02,5.972291359620185176e+03,9.659946342147022191e-01,9.601083012221449664e-01
1.500000000000000222e-01,3.196551724137931160e+03,7.980000000000000000e+02,5.676230309584418137e+03,9.718880768867251829e-01,9.689952662382734783e-01
1.500000000000000222e-01,3.196551724137931160e+03,1.062000000000000000e+03,5.440395151609766799e+03,9.789647003962429483e-01,9.779897399284419590e-01
1.500000000000000222e-01,3.196551724137931160e+03,1.325000000000000000e+03,5.393215685322472382e+03,9.829672419509464243e-01,9.824190393159322188e-01
1.500000000000000222e-01,3.196551724137931160e+03,1.655000000000000000e+03,5.399286856759166767e+03,9.859980838782876900e-01,9.855786485764812532e-01
1.500000000000000222e-01,3.196551724137931160e+03,2.117000000000000000e+03,5.403796538615779355e+03,9.884699684692471733e-01,9.881438324749270974e-01
1.500000000000000222e-01,3.196551724137931160e+03,2.578000000000000000e+03,5.372714336191353141e+03,9.899445247338439779e-01,9.897375250009655678e-01
1.500000000000000222e-01,3.206724137931034420e+03,4.875000000000000000e+02,5.877904789272303788e+03,9.470078864174292788e-01,9.375667746085116772e-01
1.500000000000000222e-01,3.206724137931034420e+03,6.660000000000000000e+02,5.945207302006871942e+03,9.622578063844834384e-01,9.557542556842570924e-01
1.500000000000000222e-01,3.206724137931034420e+03,7.980000000000000000e+02,5.656564078204140060e+03,9.688339972817152645e-01,9.656380231256994628e-01
1.500000000000000222e-01,3.206724137931034420e+03,1.062000000000000000e+03,5.427293390666610321e+03,9.767113116697414554e-01,9.756345088431391810e-01
1.500000000000000222e-01,3.206724137931034420e+03,1.325000000000000000e+03,5.382963352270176074e+03,9.811568105265207063e-01,9.805514916828207417e-01
1.500000000000000222e-01,3.206724137931034420e+03,1.655000000000000000e+03,5.390939923967996947e+03,9.845180637337499485e-01,9.840550105556967742e-01
1.500000000000000222e-01,3.206724137931034420e+03,2.117000000000000000e+03,5.396973459811271823e+03,9.872561712798169076e-01,9.868961572171736085e-01
1.500000000000000222e-01,3.206724137931034420e+03,2.578000000000000000e+03,5.366863212825867777e+03,9.888881539168240531e-01,9.886596570936359019e-01
1.500000000000000222e-01,3.216896551724138135e+03,4.875000000000000000e+02,5.838262674029426307e+03,9.415813030038207021e-01,9.312435809775504447e-01
1.500000000000000222e-01,3.216896551724138135e+03,6.660000000000000000e+02,5.917961649699376721e+03,9.584936303344114839e-01,9.513742321091342991e-01
1.500000000000000222e-01,3.216896551724138135e+03,7.980000000000000000e+02,5.636806000768102422e+03,9.657636647097034288e-01,9.622651008760222391e-01
1.500000000000000222e-01,3.216896551724138135e+03,1.062000000000000000e+03,5.414157167518474125e+03,9.744515129839592671e-01,9.732730826778933642e-01
1.500000000000000222e-01,3.216896551724138135e+03,1.325000000000000000e+03,5.372697247681412591e+03,9.793437321348945623e-01,9.786814354499395741e-01
1.500000000000000222e-01,3.216896551724138135e+03,1.655000000000000000e+03,5.382589768801571154e+03,9.830373390254499855e-01,9.825307843268148433e-01
1.500000000000000222e-01,3.216896551724138135e+03,2.117000000000000000e+03,5.390152509054501934e+03,9.860426683630304501e-01,9.856488710964338429e-01
1.500000000000000222e-01,3.216896551724138135e+03,2.578000000000000000e+03,5.361015904943978057e+03,9.878324255993410352e-01,9.875824920577143118e-01
1.500000000000000222e-01,3.227068965517241395e+03,4.875000000000000000e+02,5.798259595652388271e+03,9.360940641231544346e-01,9.248628112112857735e-01
1.500000000000000222e-01,3.227068965517241395e+03,6.660000000000000000e+02,5.890559195189215643e+03,9.547026690019136952e-01,9.469690009399133190e-01
1.500000000000000222e-01,3.227068965517241395e+03,7.980000000000000000e+02,5.616958579758524138e+03,9.626774386685637008e-01,9.588769266906221889e-01
1.500000000000000222e-01,3.227068965517241395e+03,1.062000000000000000e+03,5.400987523971556584e+03,9.721854796612787730e-01,9.709056487124415602e-01
1.500000000000000222e-01,3.227068965517241395e+03,1.325000000000000000e+03,5.362417934060781590e+03,9.775281052354558575e-01,9.768089730821742922e-01
1.500000000000000222e-01,3.227068965517241395e+03,1.655000000000000000e+03,5.374236696497058801e+03,9.815559637521578118e-01,9.810060256074226714e-01
1.500000000000000222e-01,3.227068965517241395e+03,2.117000000000000000e+03,5.383333838400505556e+03,9.848294868809575053e-01,9.844020019176489278e-01
1.500000000000000222e-01,3.227068965517241395e+03,2.578000000000000000e+03,5.355172497519156423e+03,9.867773551844321034e-01,9.865060455466356792e-01
1.500000000000000222e-01,3.237241379310344655e+03,4.875000000000000000e+02,5.757907570614562246e+03,9.305474820848425033e-01,9.184263820209584983e-01
1.500000000000000222e-01,3.237241379310344655e+03,6.660000000000000000e+02,5.863004778939529388e+03,9.508854946810341158e-01,9.425393403316711938e-01
1.500000000000000222e-01,3.237241379310344655e+03,7.980000000000000000e+02,5.597024329164645678e+03,9.595756812583988715e-01,9.554739297352554672e-01
1.500000000000000222e-01,3.237241379310344655e+03,1.062000000000000000e+03,5.387785498394359820e+03,9.699133865551847755e-01,9.685323936085451502e-01
1.500000000000000222e-01,3.237241379310344655e+03,1.325000000000000000e+03,5.352125969429244833e+03,9.757100275452208482e-01,9.749342062276787901e-01
1.500000000000000222e-01,3.237241379310344655e+03,1.655000000000000000e+03,5.365881009142703078e+03,9.800739913226901301e-01,9.794807895403069287e-01
1.500000000000000222e-01,3.237241379310344655e+03,2.117000000000000000e+03,5.376517598217445084e+03,9.836166536241892633e-01,9.831555771772969576e-01
1.500000000000000222e-01,3.237241379310344655e+03,2.578000000000000000e+03,5.349333073992878781e+03,9.857229578351718313e-01,9.854303329316174143e-01
1.500000000000000222e-01,3.247413793103448370e+03,4.875000000000000000e+02,5.717218906721499479e+03,9.249429183882418304e-01,9.119362565873222470e-01
1.500000000000000222e-01,3.247413793103448370e+03,6.660000000000000000e+02,5.835303285739557396e+03,9.470426886093447072e-01,9.380860355653690696e-01
1.500000000000000222e-01,3.247413793103448370e+03,7.980000000000000000e+02,5.577005772837373115e+03,9.564587569933377109e-01,9.520565408591737944e-01
1.500000000000000222e-01,3.247413793103448370e+03,1.062000000000000000e+03,5.374552125137266557e+03,9.676354080065009411e-01,9.661535033056503075e-01
1.500000000000000222e-01,3.247413793103448370e+03,1.325000000000000000e+03,5.341821907400400960e+03,9.738895960299562837e-01,9.730572357317689436e-01
1.500000000000000222e-01,3.247413793103448370e+03,1.655000000000000000e+03,5.357523005409258985e+03,9.785914745575305940e-01,9.779551306444301817e-01
1.500000000000000222e-01,3.247413793103448370e+03,2.117000000000000000e+03,5.369703936374814475e+03,9.824041950153172831e-01,9.819096239149467387e-01
1.500000000000000222e-01,3.247413793103448370e+03,2.578000000000000000e+03,5.343497716208900783e+03,9.846692484775962928e-01,9.843553692895519180e-01
1.500000000000000222e-01,3.257586206896551630e+03,4.875000000000000000e+02,5.676206186044696551e+03,9.192817821876878570e-01,9.053944418384599624e-01
1.500000000000000222e-01,3.257586206896551630e+03,6.660000000000000000e+02,5.807459641037126858e+03,9.431748405492286214e-01,9.336098784582610444e-01
1.500000000000000222e-01,3.257586206896551630e+03,7.980000000000000000e+02,5.556905443487081357e+03,9.533270326138884032e-01,9.486251924240379774e-01
1.500000000000000222e-01,3.257586206896551630e+03,1.062000000000000000e+03,5.361288434798328126e+03,9.653517178006033594e-01,9.637691630686673339e-01
1.500000000000000222e-01,3.257586206896551630e+03,1.325000000000000000e+03,5.331506296958777057e+03,9.720669068957263903e-01,9.711781615965368042e-01
1.500000000000000222e-01,3.257586206896551630e+03,1.655000000000000000e+03,5.349162980470833645e+03,9.771084656905635324e-01,9.764291028004817852e-01
1.500000000000000222e-01,3.257586206896551630e+03,2.117000000000000000e+03,5.362892998886703936e+03,9.811921371124024960e-01,9.806641688308860294e-01
1.500000000000000222e-01,3.257586206896551630e+03,2.578000000000000000e+03,5.337666505361826239e+03,9.836162418036000776e-01,9.832811695777479155e-01
1.500000000000000222e-01,3.267758620689655345e+03,4.875000000000000000e+02,5.634882247100847962e+03,9.135655286676264142e-01,8.988029856072508039e-01
1.500000000000000222e-01,3.267758620689655345e+03,6.660000000000000000e+02,5.779478806890003398e+03,9.392825483641400464e-01,9.291116667130320250e-01
1.500000000000000222e-01,3.267758620689655345e+03,7.980000000000000000e+02,5.536725881078119528e+03,9.501808769000118504e-01,9.451803180298424811e-01
1.500000000000000222e-01,3.267758620689655345e+03,1.062000000000000000e+03,5.347995453352294135e+03,9.630624891256140963e-01,9.613795573314014575e-01
1.500000000000000222e-01,3.267758620689655345e+03,1.325000000000000000e+03,5.321179682562293237e+03,9.702420555808508595e-01,9.692970829995154469e-01
1.500000000000000222e-01,3.267758620689655345e+03,1.655000000000000000e+03,5.340801225932278612e+03,9.756250163709164758e-01,9.749027592376239282e-01
1.500000000000000222e-01,3.267758620689655345e+03,2.117000000000000000e+03,5.356084929552307585e+03,9.799805056124349933e-01,9.794192382203844582e-01
1.500000000000000222e-01,3.267758620689655345e+03,2.578000000000000000e+03,5.331839521095948840e+03,9.825639522737995568e-01,9.822077484679225812e-01
1.500000000000000222e-01,3.277931034482758605e+03,4.875000000000000000e+02,5.593260168228253860e+03,9.077956573318547440e-01,8.921639739797911917e-01
1.500000000000000222e-01,3.277931034482758605e+03,6.660000000000000000e+02,5.751365778479899745e+03,9.353664175904349287e-01,9.245922033573877874e-01
1.500000000000000222e-01,3.277931034482758605e+03,7.980000000000000000e+02,5.516469631696941178e+03,9.470206604850730514e-01,9.417223523216926573e-01
1.500000000000000222e-01,3.277931034482758605e+03,1.062000000000000000e+03,5.334674202533973585e+03,9.607678945315833996e-01,9.589848697654668186e-01
1.500000000000000222e-01,3.277931034482758605e+03,1.325000000000000000e+03,5.310842603785114989e+03,9.684151367482758399e-01,9.674140982286215662e-01
1.500000000000000222e-01,3.277931034482758605e+03,1.655000000000000000e+03,5.332438030312580850e+03,9.741411776649067100e-01,9.733761526217290516e-01
1.500000000000000222e-01,3.277931034482758605e+03,2.117000000000000000e+03,5.349279870290657527e+03,9.787693258547877084e-01,9.781748580349031164e-01
1.500000000000000222e-01,3.277931034482758605e+03,2.578000000000000000e+03,5.326016841307068717e+03,9.815123941203719449e-01,9.811351203096935203e-01
1.500000000000000222e-01,3.288103448275861865e+03,4.875000000000000000e+02,5.551353248552603873e+03,9.019737102111575755e-01,8.854795282593048711e-01
1.500000000000000222e-01,3.288103448275861865e+03,6.660000000000000000e+02,5.723125580206822633e+03,9.314270610053744237e-01,9.200522961161802238e-01
1.500000000000000222e-01,3.288103448275861865e+03,7.980000000000000000e+02,5.496139246291442760e+03,9.438467556708317607e-01,9.382517307745958934e-01
1.500000000000000222e-01,3.288103448275861865e+03,1.062000000000000000e+03,5.321325698987689066e+03,9.584681058906556750e-01,9.565852831273893297e-01
1.500000000000000222e-01,3.288103448275861865e+03,1.325000000000000000e+03,5.300495595843335650e+03,9.665862442783420549e-01,9.655293047779125448e-01
1.500000000000000222e-01,3.288103448275861865e+03,1.655000000000000000e+03,5.324073678587226823e+03,9.726570000580891939e-01,9.718493349718440033e-01
1.500000000000000222e-01,3.288103448275861865e+03,2.117000000000000000e+03,5.342477960727287609e+03,9.775586228246551102e-01,9.769310538065119065e-01
1.500000000000000222e-01,3.288103448275861865e+03,2.578000000000000000e+03,5.320198543204867747e+03,9.804615813498589461e-01,9.800632993262849979e-01
1.500000000000000222e-01,3.298275862068965580e+03,4.875000000000000000e+02,5.509174990274367701e+03,8.961012699939068238e-01,8.787518021408581292e-01
1.500000000000000222e-01,3.298275862068965580e+03,6.660000000000000000e+02,5.694763261960944874e+03,9.274650981918989290e-01,9.154927568120724279e-01
1.500000000000000222e-01,3.298275862068965580e+03,7.980000000000000000e+02,5.475737279298731664e+03,9.406595362436253049e-01,9.347688894592063313e-01
1.500000000000000222e-01,3.298275862068965580e+03,1.062000000000000000e+03,5.307950954767992698e+03,9.561632943582273336e-01,9.541809793486168978e-01
1.500000000000000222e-01,3.298275862068965580e+03,1.325000000000000000e+03,5.290139188978692800e+03,9.647554712619488271e-01,9.636427992353255867e-01
1.500000000000000222e-01,3.298275862068965580e+03,1.655000000000000000e+03,5.315708452379164555e+03,9.711725334574032864e-01,9.703223576950472662e-01
1.500000000000000222e-01,3.298275862068965580e+03,2.117000000000000000e+03,5.335679338716703569e+03,9.763484211564847914e-01,9.756878507434284531e-01
1.500000000000000222e-01,3.298275862068965580e+03,2.578000000000000000e+03,5.314384702648111670e+03,9.794115277459477520e-01,9.789922994920609023e-01
1.500000000000000222e-01,3.308448275862068840e+03,4.875000000000000000e+02,5.466739079669880084e+03,8.901799580844490523e-01,8.719829786809003558e-01
1.500000000000000222e-01,3.308448275862068840e+03,6.660000000000000000e+02,5.666283895388035489e+03,9.234811551007762187e-01,9.109144007651669428e-01
1.500000000000000222e-01,3.308448275862068840e+03,7.980000000000000000e+02,5.455266287517912133e+03,9.374593772918899948e-01,9.312742648493974595e-01
1.500000000000000222e-01,3.308448275862068840e+03,1.062000000000000000e+03,5.294550976348899894e+03,9.538536303350920731e-01,9.517721393574155586e-01
1.500000000000000222e-01,3.308448275862068840e+03,1.325000000000000000e+03,5.279773909024010209e+03,9.629229099941059022e-01,9.617546773856778808e-01
1.500000000000000222e-01,3.308448275862068840e+03,1.655000000000000000e+03,5.307342629923050481e+03,9.696878271934119553e-01,9.687952715799234005e-01
1.500000000000000222e-01,3.308448275862068840e+03,2.117000000000000000e+03,5.328884140106792984e+03,9.751387451373955129e-01,9.744452736869382292e-01
1.500000000000000222e-01,3.308448275862068840e+03,2.578000000000000000e+03,5.308575393943470772e+03,9.783622468722179555e-01,9.779221344954656114e-01
1.500000000000000222e-01,3.318620689655172555e+03,4.875000000000000000e+02,5.424059368257072492e+03,8.842114325943244424e-01,8.651752672930671517e-01
1.500000000000000222e-01,3.318620689655172555e+03,6.660000000000000000e+02,5.637692570245600109e+03,9.194758636107125405e-01,9.063180462072172316e-01
1.500000000000000222e-01,3.318620689655172555e+03,7.980000000000000000e+02,5.434728828803692522e+03,9.342466550251707913e-01,9.277682935992458413e-01
1.500000000000000222e-01,3.318620689655172555e+03,1.062000000000000000e+03,5.281126764914212799e+03,9.515392834305768099e-01,9.493589431310588411e-01
1.500000000000000222e-01,3.318620689655172555e+03,1.325000000000000000e+03,5.269400276536107413e+03,9.610886519678641937e-01,9.598650340527185021e-01
1.500000000000000222e-01,3.318620689655172555e+03,1.655000000000000000e+03,5.298976486264761661e+03,9.682029300226323576e-01,9.672681268329813564e-01
1.500000000000000222e-01,3.318620689655172555e+03,2.117000000000000000e+03,5.322092498769359736e+03,9.739296187105825897e-01,9.732033471169779792e-01
1.500000000000000222e-01,3.318620689655172555e+03,2.578000000000000000e+03,5.302770690367330644e+03,9.773137520748618190e-01,9.768528178351486568e-01
1.500000000000000222e-01,3.328793103448275815e+03,4.875000000000000000e+02,5.381149853512679329e+03,8.781973862715951595e-01,8.583309006724404444e-01
1.500000000000000222e-01,3.328793103448275815e+03,6.660000000000000000e+02,5.608994390653987466e+03,9.154498610870230868e-01,9.017045136789543225e-01
1.500000000000000222e-01,3.328793103448275815e+03,7.980000000000000000e+02,5.414127460686479935e+03,9.310217465947581150e-01,9.242514123074659915e-01
1.500000000000000222e-01,3.328793103448275815e+03,1.062000000000000000e+03,5.267679316025674780e+03,9.492204224266661550e-01,9.469415696361739299e-01
1.500000000000000222e-01,3.328793103448275815e+03,1.325000000000000000e+03,5.259018807743487741e+03,9.592527878686205600e-01,9.579739632717574338e-01
1.500000000000000222e-01,3.328793103448275815e+03,1.655000000000000000e+03,5.290610292987274079e+03,9.667178901299554594e-01,9.657409730286166116e-01
1.500000000000000222e-01,3.328793103448275815e+03,2.117000000000000000e+03,5.315304546499422031e+03,9.727210654787112887e-01,9.719620951337211157e-01
1.500000000000000222e-01,3.328793103448275815e+03,2.578000000000000000e+03,5.296970664228406349e+03,9.762660564853761214e-01,9.757843628314997186e-01
1.500000000000000222e-01,3.338965517241379530e+03,4.875000000000000000e+02,5.338024660168527589e+03,8.721395443737218756e-01,8.514521318121761606e-01
1.500000000000000222e-01,3.338965517241379530e+03,6.660000000000000000e+02,5.580194471430432714e+03,9.114037899394489273e-01,8.970746254407454545e-01
1.500000000000000222e-01,3.338965517241379530e+03,7.980000000000000000e+02,5.393464739531949817e+03,9.277850299160845804e-01,9.207240573739401412e-01
1.500000000000000222e-01,3.338965517241379530e+03,1.062000000000000000e+03,5.254209619510396806e+03,9.468972152431149869e-01,9.445201968085046307e-01
1.500000000000000222e-01,3.338965517241379530e+03,1.325000000000000000e+03,5.248630013633071030e+03,9.574154075687870691e-01,9.560815581233073068e-01
1.500000000000000222e-01,3.338965517241379530e+03,1.655000000000000000e+03,5.282244318437267793e+03,9.652327551311462583e-01,9.642138591504757494e-01
1.500000000000000222e-01,3.338965517241379530e+03,2.117000000000000000e+03,5.308520413187411577e+03,9.715131087072956806e-01,9.707215414890666416e-01
1.500000000000000222e-01,3.338965517241379530e+03,2.578000000000000000e+03,5.291175386493818223e+03,9.752191730232235845e-01,9.747167825577659483e-01
1.500000000000000222e-01,3.349137931034482790e+03,4.875000000000000000e+02,5.294698019684962674e+03,8.660396624896142814e-01,8.445412307293725940e-01
1.500000000000000222e-01,3.349137931034482790e+03,6.660000000000000000e+02,5.551297934514587723e+03,9.073382971796982721e-01,8.924292048979607372e-01
1.500000000000000222e-01,3.349137931034482790e+03,7.980000000000000000e+02,5.372743219034359754e+03,9.245368834930248747e-01,9.171866647425100938e-01
1.500000000000000222e-01,3.349137931034482790e+03,1.062000000000000000e+03,5.240718658922504801e+03,9.445698289035454609e-01,9.420950014561351171e-01
1.500000000000000222e-01,3.349137931034482790e+03,1.325000000000000000e+03,5.238234400550379178e+03,9.555766001228219730e-01,9.541879108424109468e-01
1.500000000000000222e-01,3.349137931034482790e+03,1.655000000000000000e+03,5.273878827534273114e+03,9.637475720754288266e-01,9.626868335566177715e-01
1.500000000000000222e-01,3.349137931034482790e+03,2.117000000000000000e+03,5.301740226890005943e+03,9.703057713280641705e-01,9.694817095995913458e-01
1.500000000000000222e-01,3.349137931034482790e+03,2.578000000000000000e+03,5.285384926519754117e+03,9.741731143984686536e-01,9.736500897904356577e-01
1.500000000000000222e-01,3.359310344827586050e+03,4.875000000000000000e+02,5.251184252399676552e+03,8.598995243166026592e-01,8.376004816176840784e-01
1.500000000000000222e-01,3.359310344827586050e+03,6.660000000000000000e+02,5.522309905415134381e+03,9.032540339792856088e-01,8.877690760297295425e-01
1.500000000000000222e-01,3.359310344827586050e+03,7.980000000000000000e+02,5.351965449090778748e+03,9.212776862442109138e-01,9.136396697087951768e-01
1.500000000000000222e-01,3.359310344827586050e+03,1.062000000000000000e+03,5.227207411819589652e+03,9.422384295025282297e-01,9.396661593091857334e-01
1.500000000000000222e-01,3.359310344827586050e+03,1.325000000000000000e+03,5.227832470074189587e+03,9.537364537626095151e-01,9.522931127958095265e-01
1.500000000000000222e-01,3.359310344827586050e+03,1.655000000000000000e+03,5.265514082292921557e+03,9.622623874481456285e-01,9.611599440748453960e-01
1.500000000000000222e-01,3.359310344827586050e+03,2.117000000000000000e+03,5.294964113869426910e+03,9.690990759423101508e-01,9.682426225537357212e-01
1.500000000000000222e-01,3.359310344827586050e+03,2.578000000000000000e+03,5.279599353454677839e+03,9.731278931143818589e-01,9.725842972677309906e-01
1.500000000000000222e-01,3.369482758620689765e+03,4.875000000000000000e+02,5.207497747150569012e+03,8.537209393981979311e-01,8.306321795970257327e-01
1.500000000000000222e-01,3.369482758620689765e+03,6.660000000000000000e+02,5.493235509667737460e+03,8.991516552282325936e-01,8.830950628195185503e-01
1.500000000000000222e-01,3.369482758620689765e+03,7.980000000000000000e+02,5.331133974939672044e+03,9.180078173314970558e-01,9.100835067731398720e-01
1.500000000000000222e-01,3.369482758620689765e+03,1.062000000000000000e+03,5.213676849295078682e+03,9.399031821736414383e-01,9.372338449357496826e-01
1.500000000000000222e-01,3.369482758620689765e+03,1.325000000000000000e+03,5.217424718507501893e+03,9.518950558931873474e-01,9.503972543892171831e-01
1.500000000000000222e-01,3.369482758620689765e+03,1.655000000000000000e+03,5.257150341066884721e+03,9.607772471734946640e-01,9.596332378646943440e-01
1.500000000000000222e-01,3.369482758620689765e+03,2.117000000000000000e+03,5.288192198143026872e+03,9.678930448242248907e-01,9.670043030294414033e-01
1.500000000000000222e-01,3.369482758620689765e+03,2.578000000000000000e+03,5.273818734447210772e+03,9.720835214700191962e-01,9.715194173594722260e-01
1.500000000000000222e-01,3.379655172413793025e+03,4.875000000000000000e+02,5.163652942371532845e+03,8.475057408285943117e-01,8.236386276982189392e-01
1.500000000000000222e-01,3.379655172413793025e+03,6.660000000000000000e+02,5.464079869317406519e+03,8.950318190951870312e-01,8.784079886896354328e-01
1.500000000000000222e-01,3.379655172413793025e+03,7.980000000000000000e+02,5.310251335653215392e+03,9.147276559906872828e-01,9.065186093832346970e-01
1.500000000000000222e-01,3.379655172413793025e+03,1.062000000000000000e+03,5.200127935801046988e+03,9.375642510585062706e-01,9.347982317100412830e-01
1.500000000000000222e-01,3.379655172413793025e+03,1.325000000000000000e+03,5.207011637426539892e+03,9.500524930888112340e-01,9.485004251673267994e-01
1.500000000000000222e-01,3.379655172413793025e+03,1.655000000000000000e+03,5.248787859071235289e+03,9.592921966173353354e-01,9.581067615127850656e-01
1.500000000000000222e-01,3.379655172413793025e+03,2.117000000000000000e+03,5.281424602459616835e+03,9.666876999242187685e-01,9.657667734726830266e-01
1.500000000000000222e-01,3.379655172413793025e+03,2.578000000000000000e+03,5.268043135655319929e+03,9.710400115627711992e-01,9.704554622529856234e-01
1.500000000000000222e-01,3.389827586206896740e+03,4.875000000000000000e+02,5.119664307304594331e+03,8.412557829299255330e-01,8.166221338661971973e-01
1.500000000000000222e-01,3.389827586206896740e+03,6.660000000000000000e+02,5.434848099534872745e+03,8.908951865895003985e-01,8.737086759572756378e-01
1.500000000000000222e-01,3.389827586206896740e+03,7.980000000000000000e+02,5.289320063397440208e+03,9.114375813646383717e-01,9.029454098078152358e-01
1.500000000000000222e-01,3.389827586206896740e+03,1.062000000000000000e+03,5.186561629166974853e+03,9.352217992767929422e-01,9.323594918157672717e-01
1.500000000000000222e-01,3.389827586206896740e+03,1.325000000000000000e+03,5.196593713548080814e+03,9.482088510893501576e-01,9.466027137896423360e-01
1.500000000000000222e-01,3.389827586206896740e+03,1.655000000000000000e+03,5.240426888564297769e+03,9.578072805900663678e-01,9.565805610660169656e-01
1.500000000000000222e-01,3.389827586206896740e+03,2.117000000000000000e+03,5.274661446985962357e+03,9.654830628722230745e-01,9.645300558572798000e-01
1.500000000000000222e-01,3.389827586206896740e+03,2.578000000000000000e+03,5.262272622530095759e+03,9.699973752908854774e-01,9.693924440053797165e-01
1.500000000000000222e-01,3.400000000000000000e+03,4.875000000000000000e+02,5.075546321354873726e+03,8.349729389083215825e-01,8.095850076669781625e-01
1.500000000000000222e-01,3.400000000000000000e+03,6.660000000000000000e+02,5.405545305306347473e+03,8.867424211257970423e-01,8.689979453023666256e-01
1.500000000000000222e-01,3.400000000000000000e+03,7.980000000000000000e+02,5.268342681969739715e+03,9.081379723388475211e-01,8.993643388869975164e-01
1.500000000000000222e-01,3.400000000000000000e+03,1.062000000000000000e+03,5.172978880196077625e+03,9.328759888971920322e-01,9.299177961735618503e-01
1.500000000000000222e-01,3.400000000000000000e+03,1.325000000000000000e+03,5.186171428520180598e+03,9.463642147970051655e-01,9.447042079923585467e-01
1.500000000000000222e-01,3.400000000000000000e+03,1.655000000000000000e+03,5.232067678288765819e+03,9.563225433495655681e-01,9.550546819295506751e-01
1.500000000000000222e-01,3.400000000000000000e+03,2.117000000000000000e+03,5.267902850968342136e+03,9.642791549809756058e-01,9.632941719887299081e-01
1.500000000000000222e-01,3.400000000000000000e+03,2.578000000000000000e+03,5.256507259310261361e+03,9.689556243559619420e-01,9.683303744504263566e-01
